  1            0.00097618       2014.68996945      19362.84127863      34542.47470263
  2            0.00879932          7.00071115        220.50931979        407.32893630
  3            0.01662247        -10.32061193         49.50994638        101.85657894
  4            0.02444561        -13.06734337         14.59649456         38.78079177
  5            0.03226875        -13.19209257          2.68441874         16.51904856
  6            0.04009190        -12.46262339         -2.17626859          6.70714543
  7            0.04791504        -11.40572603         -4.19883989          1.90427236
  8            0.05573818        -10.24897295         -4.90836950         -0.55026317
  9            0.06356133         -9.11066860         -4.97158606         -1.80226662
 10            0.07138447         -8.05552757         -4.71623552         -2.40612021
 11            0.07920761         -7.11681244         -4.31606978         -2.64919059
 12            0.08703076         -6.30793121         -3.86878475         -2.68476131
 13            0.09485390         -5.62990658         -3.43292180         -2.59318678
 14            0.10267704         -5.07637472         -3.04480736         -2.41479455
 15            0.11050019         -4.63631504         -2.71909249         -2.17692908
 16            0.11832333         -4.29515848         -2.44472617         -1.91424751
 17            0.12614647         -4.03589704         -2.20285271         -1.65983607
 18            0.13396962         -3.84116751         -1.98417822         -1.43165423
 19            0.14179276         -3.69545887         -1.78711839         -1.23555454
 20            0.14961590         -3.58626417         -1.61232528         -1.07146182
 21            0.15743905         -3.50409958         -1.46018573         -0.93679859
 22            0.16526219         -3.44197100         -1.33024292         -0.82800527
 23            0.17308534         -3.39475757         -1.22127620         -0.74121343
 24            0.18090848         -3.35870113         -1.13150694         -0.67260528
 25            0.18873162         -3.33102968         -1.05879042         -0.61867512
 26            0.19655477         -3.30968967         -1.00079011         -0.57642187
 27            0.20437791         -3.29315561         -0.95514696         -0.54342700
 28            0.21220105         -3.28029272         -0.91963282         -0.51780698
 29            0.22002420         -3.27025585         -0.89226191         -0.49809340
 30            0.22784734         -3.26241393         -0.87134366         -0.48311071
 31            0.23567048         -3.25629301         -0.85548226         -0.47188995
 32            0.24349363         -3.25153316         -0.84354205         -0.46362032
 33            0.25131677         -3.24785610         -0.83459979         -0.45762400
 34            0.25913991         -3.24504110         -0.82789823         -0.45334028
 35            0.26696306         -3.24290751         -0.82280860         -0.45031198
 36            0.27478620         -3.24130237         -0.81880369         -0.44817213
 37            0.28260934         -3.24009200         -0.81544047         -0.44663104
 38            0.29043249         -3.23915657         -0.81234968         -0.44546424
 39            0.29825563         -3.23838682         -0.80922968         -0.44450133
 40            0.30607877         -3.23768232         -0.80584216         -0.44361584
 41            0.31390192         -3.23695063         -0.80200831         -0.44271572
 42            0.32172506         -3.23610715         -0.79760423         -0.44173484
 43            0.32954820         -3.23507507         -0.79255554         -0.44062526
 44            0.33737135         -3.23378559         -0.78683113         -0.43935067
 45            0.34519449         -3.23217789         -0.78043650         -0.43788094
 46            0.35301763         -3.23019916         -0.77340685         -0.43618787
 47            0.36084078         -3.22780434         -0.76580048         -0.43424228
 48            0.36866392         -3.22495587         -0.75769247         -0.43201211
 49            0.37648706         -3.22162319         -0.74916896         -0.42946180
 50            0.38431021         -3.21778226         -0.74032193         -0.42655257
 51            0.39213335         -3.21341502         -0.73124455         -0.42324366
 52            0.39995649         -3.20850873         -0.72202708         -0.41949413
 53            0.40777964         -3.20305543         -0.71275324         -0.41526533
 54            0.41560278         -3.19705138         -0.70349721         -0.41052342
 55            0.42342592         -3.19049645         -0.69432120         -0.40524191
 56            0.43124907         -3.18339370         -0.68527373         -0.39940393
 57            0.43907221         -3.17574885         -0.67638878         -0.39300375
 58            0.44689535         -3.16756992         -0.66768575         -0.38604766
 59            0.45471850         -3.15886684         -0.65917031         -0.37855391
 60            0.46254164         -3.14965111         -0.65083593         -0.37055187
 61            0.47036478         -3.13993555         -0.64266609         -0.36208045
 62            0.47818793         -3.12973402         -0.63463673         -0.35318611
 63            0.48601107         -3.11906124         -0.62671876         -0.34392065
 64            0.49383421         -3.10793256         -0.61888052         -0.33433893
 65            0.50165736         -3.09636383         -0.61108989         -0.32449691
 66            0.50948050         -3.08437128         -0.60331597         -0.31444991
 67            0.51730364         -3.07197135         -0.59553037         -0.30425122
 68            0.52512679         -3.05918063         -0.58770808         -0.29395115
 69            0.53294993         -3.04601576         -0.57982797         -0.28359638
 70            0.54077307         -3.03249334         -0.57187296         -0.27322952
 71            0.54859622         -3.01862991         -0.56383005         -0.26288903
 72            0.55641936         -3.00444183         -0.55569005         -0.25260919
 73            0.56424250         -2.98994529         -0.54744734         -0.24242026
 74            0.57206565         -2.97515625         -0.53909950         -0.23234866
 75            0.57988879         -2.96009039         -0.53064687         -0.22241729
 76            0.58771193         -2.94476310         -0.52209222         -0.21264577
 77            0.59553508         -2.92918945         -0.51344032         -0.20305072
 78            0.60335822         -2.91338418         -0.50469757         -0.19364613
 79            0.61118136         -2.89736167         -0.49587173         -0.18444355
 80            0.61900451         -2.88113593         -0.48697157         -0.17545238
 81            0.62682765         -2.86472057         -0.47800662         -0.16668013
 82            0.63465079         -2.84812886         -0.46898696         -0.15813264
 83            0.64247394         -2.83137362         -0.45992301         -0.14981427
 84            0.65029708         -2.81446732         -0.45082535         -0.14172806
 85            0.65812022         -2.79742200         -0.44170461         -0.13387597
 86            0.66594337         -2.78024932         -0.43257134         -0.12625894
 87            0.67376651         -2.76296053         -0.42343588         -0.11887711
 88            0.68158965         -2.74556650         -0.41430834         -0.11172988
 89            0.68941280         -2.72807769         -0.40519849         -0.10481605
 90            0.69723594         -2.71050418         -0.39611574         -0.09813391
 91            0.70505908         -2.69285567         -0.38706909         -0.09168135
 92            0.71288223         -2.67514149         -0.37806711         -0.08545591
 93            0.72070537         -2.65737058         -0.36911792         -0.07945488
 94            0.72852851         -2.63955155         -0.36022917         -0.07367541
 95            0.73635166         -2.62169262         -0.35140806         -0.06811450
 96            0.74417480         -2.60380168         -0.34266130         -0.06276913
 97            0.75199794         -2.58588631         -0.33399516         -0.05763634
 98            0.75982109         -2.56795371         -0.32541545         -0.05271327
 99            0.76764423         -2.55001080         -0.31692754         -0.04799726
100            0.77546737         -2.53206417         -0.30853637         -0.04348597
101            0.78329052         -2.51412013         -0.30024644         -0.03917745
102            0.79111366         -2.49618467         -0.29206189         -0.03507033
103            0.79893680         -2.47826351         -0.28398643         -0.03116395
104            0.80675995         -2.46036210         -0.27602345         -0.02745857
105            0.81458309         -2.44248562         -0.26817594         -0.02395569
106            0.82240623         -2.42463901         -0.26044659         -0.02065829
107            0.83022938         -2.40682694         -0.25283776         -0.01757122
108            0.83805252         -2.38905386         -0.24535151         -0.01470151
109            0.84587566         -2.37132399         -0.23798962         -0.01205854
110            0.85369881         -2.35364131         -0.23075360         -0.00965374
111            0.86152195         -2.33600962         -0.22364471         -0.00749946
112            0.86934509         -2.31843249         -0.21666399         -0.00560644
113            0.87716824         -2.30091331         -0.20981224         -0.00397990
114            0.88499138         -2.28345529         -0.20309005         -0.00261540
115            0.89281452         -2.26606143         -0.19649784         -0.00149648
116            0.90063767         -2.24873458         -0.19003583         -0.00059596
117            0.90846081         -2.23147743         -0.18370410          0.00011951
118            0.91628395         -2.21429249         -0.17750255          0.00068411
119            0.92410710         -2.19718214         -0.17143096          0.00112887
120            0.93193024         -2.18014860         -0.16548896          0.00147983
121            0.93975338         -2.16319396         -0.15967606          0.00175780
122            0.94757653         -2.14632018         -0.15399169          0.00197893
123            0.95539967         -2.12952908         -0.14843513          0.00215561
124            0.96322281         -2.11282238         -0.14300561          0.00229730
125            0.97104596         -2.09620165         -0.13770225          0.00241123
126            0.97886910         -2.07966839         -0.13252411          0.00250298
127            0.98669224         -2.06322397         -0.12747017          0.00257685
128            0.99451539         -2.04686968         -0.12253934          0.00263623
129            1.00233853         -2.03060668         -0.11773050          0.00268379
130            1.01016167         -2.01443607         -0.11304245          0.00272164
131            1.01798482         -1.99835886         -0.10847396          0.00275150
132            1.02580796         -1.98237596         -0.10402378          0.00277476
133            1.03363110         -1.96648822         -0.09969059          0.00279254
134            1.04145425         -1.95069641         -0.09547306          0.00280579
135            1.04927739         -1.93500123         -0.09136983          0.00281529
136            1.05710053         -1.91940330         -0.08737953          0.00282169
137            1.06492368         -1.90390320         -0.08350075          0.00282554
138            1.07274682         -1.88850142         -0.07973208          0.00282731
139            1.08056996         -1.87319842         -0.07607209          0.00282740
140            1.08839311         -1.85799458         -0.07251935          0.00282618
141            1.09621625         -1.84289026         -0.06907242          0.00282394
142            1.10403939         -1.82788573         -0.06572985          0.00282095
143            1.11186254         -1.81298125         -0.06249019          0.00281746
144            1.11968568         -1.79817701         -0.05935200          0.00281368
145            1.12750882         -1.78347317         -0.05631381          0.00280980
146            1.13533197         -1.76886985         -0.05337419          0.00280603
147            1.14315511         -1.75436713         -0.05053169          0.00280251
148            1.15097825         -1.73996505         -0.04778486          0.00279942
149            1.15880140         -1.72566362         -0.04513228          0.00279691
150            1.16662454         -1.71146282         -0.04257252          0.00279513
151            1.17444768         -1.69736260         -0.04010415          0.00279424
152            1.18227083         -1.68336287         -0.03772576          0.00279438
153            1.19009397         -1.66946353         -0.03543595          0.00279573
154            1.19791711         -1.65566445         -0.03323332          0.00279843
155            1.20574026         -1.64196545         -0.03111649          0.00280265
156            1.21356340         -1.62836638         -0.02908409          0.00280859
157            1.22138655         -1.61486701         -0.02713474          0.00281644
158            1.22920969         -1.60146712         -0.02526711          0.00282639
159            1.23703283         -1.58816648         -0.02347987          0.00283870
160            1.24485598         -1.57496482         -0.02177171          0.00285360
161            1.25267912         -1.56186187         -0.02014131          0.00287139
162            1.26050226         -1.54885732         -0.01858743          0.00289235
163            1.26832541         -1.53595087         -0.01710880          0.00291684
164            1.27614855         -1.52314220         -0.01570420          0.00294524
165            1.28397169         -1.51043096         -0.01437244          0.00297796
166            1.29179484         -1.49781681         -0.01311236          0.00301545
167            1.29961798         -1.48529938         -0.01192281          0.00305824
168            1.30744112         -1.47287830         -0.01080270          0.00310686
169            1.31526427         -1.46055319         -0.00975094          0.00316189
170            1.32308741         -1.44832364         -0.00876645          0.00322395
171            1.33091055         -1.43618926         -0.00784816          0.00329366
172            1.33873370         -1.42414964         -0.00699495          0.00337161
173            1.34655684         -1.41220434         -0.00620563          0.00345836
174            1.35437998         -1.40035296         -0.00547890          0.00355435
175            1.36220313         -1.38859504         -0.00481326          0.00365985
176            1.37002627         -1.37693014         -0.00420695          0.00377488
177            1.37784941         -1.36535783         -0.00365791          0.00389917
178            1.38567256         -1.35387763         -0.00316367          0.00403208
179            1.39349570         -1.34248910         -0.00272139          0.00417259
180            1.40131884         -1.33119177         -0.00232782          0.00431928
181            1.40914199         -1.31998516         -0.00197936          0.00447041
182            1.41696513         -1.30886880         -0.00167219          0.00462402
183            1.42478827         -1.29784222         -0.00140237          0.00477803
184            1.43261142         -1.28690493         -0.00116596          0.00493036
185            1.44043456         -1.27605645         -0.00095915          0.00507907
186            1.44825770         -1.26529628         -0.00077839          0.00522244
187            1.45608085         -1.25462393         -0.00062036          0.00535902
188            1.46390399         -1.24403892         -0.00048212          0.00548765
189            1.47172713         -1.23354074         -0.00036105          0.00560748
190            1.47955028         -1.22312889         -0.00025483          0.00571796
191            1.48737342         -1.21280287         -0.00016147          0.00581877
192            1.49519656         -1.20256218         -0.00007925          0.00590983
193            1.50301971         -1.19240631         -0.00000669          0.00599122
194            1.51084285         -1.18233476          0.00005749          0.00606318
195            1.51866599         -1.17234701          0.00011436          0.00612604
196            1.52648914         -1.16244256          0.00016486          0.00618023
197            1.53431228         -1.15262091          0.00020978          0.00622622
198            1.54213542         -1.14288153          0.00024981          0.00626451
199            1.54995857         -1.13322391          0.00028553          0.00629562
200            1.55778171         -1.12364755          0.00031745          0.00632006
201            1.56560485         -1.11415193          0.00034600          0.00633835
202            1.57342800         -1.10473654          0.00037157          0.00635098
203            1.58125114         -1.09540086          0.00039448          0.00635842
204            1.58907428         -1.08614438          0.00041502          0.00636112
205            1.59689743         -1.07696659          0.00043344          0.00635949
206            1.60472057         -1.06786697          0.00044996          0.00635393
207            1.61254371         -1.05884502          0.00046477          0.00634480
208            1.62036686         -1.04990021          0.00047804          0.00633243
209            1.62819000         -1.04103204          0.00048992          0.00631714
210            1.63601314         -1.03223999          0.00050055          0.00629922
211            1.64383629         -1.02352355          0.00051004          0.00627891
212            1.65165943         -1.01488221          0.00051849          0.00625647
213            1.65948257         -1.00631546          0.00052601          0.00623210
214            1.66730572         -0.99782280          0.00053268          0.00620602
215            1.67512886         -0.98940370          0.00053857          0.00617839
216            1.68295200         -0.98105767          0.00054374          0.00614939
217            1.69077515         -0.97278419          0.00054827          0.00611916
218            1.69859829         -0.96458277          0.00055220          0.00608785
219            1.70642143         -0.95645289          0.00055558          0.00605557
220            1.71424458         -0.94839406          0.00055847          0.00602245
221            1.72206772         -0.94040576          0.00056090          0.00598858
222            1.72989086         -0.93248750          0.00056290          0.00595406
223            1.73771401         -0.92463878          0.00056452          0.00591897
224            1.74553715         -0.91685910          0.00056578          0.00588340
225            1.75336029         -0.90914795          0.00056671          0.00584741
226            1.76118344         -0.90150486          0.00056734          0.00581107
227            1.76900658         -0.89392931          0.00056769          0.00577444
228            1.77682972         -0.88642082          0.00056779          0.00573757
229            1.78465287         -0.87897890          0.00056764          0.00570051
230            1.79247601         -0.87160305          0.00056728          0.00566330
231            1.80029915         -0.86429279          0.00056671          0.00562599
232            1.80812230         -0.85704762          0.00056596          0.00558861
233            1.81594544         -0.84986707          0.00056504          0.00555119
234            1.82376858         -0.84275066          0.00056395          0.00551377
235            1.83159173         -0.83569788          0.00056272          0.00547638
236            1.83941487         -0.82870828          0.00056135          0.00543903
237            1.84723801         -0.82178137          0.00055986          0.00540175
238            1.85506116         -0.81491667          0.00055825          0.00536457
239            1.86288430         -0.80811371          0.00055653          0.00532750
240            1.87070744         -0.80137201          0.00055472          0.00529056
241            1.87853059         -0.79469111          0.00055281          0.00525376
242            1.88635373         -0.78807053          0.00055082          0.00521713
243            1.89417687         -0.78150982          0.00054876          0.00518066
244            1.90200002         -0.77500849          0.00054662          0.00514438
245            1.90982316         -0.76856609          0.00054442          0.00510829
246            1.91764630         -0.76218217          0.00054216          0.00507240
247            1.92546945         -0.75585625          0.00053985          0.00503673
248            1.93329259         -0.74958788          0.00053749          0.00500127
249            1.94111573         -0.74337662          0.00053508          0.00496604
250            1.94893888         -0.73722199          0.00053263          0.00493105
251            1.95676202         -0.73112356          0.00053014          0.00489629
252            1.96458516         -0.72508087          0.00052762          0.00486177
253            1.97240831         -0.71909348          0.00052507          0.00482750
254            1.98023145         -0.71316095          0.00052249          0.00479348
255            1.98805459         -0.70728282          0.00051989          0.00475971
256            1.99587774         -0.70145867          0.00051726          0.00472619
257            2.00370088         -0.69568805          0.00051462          0.00469294
258            2.01152402         -0.68997053          0.00051196          0.00465994
259            2.01934717         -0.68430567          0.00050928          0.00462720
260            2.02717031         -0.67869304          0.00050659          0.00459473
261            2.03499345         -0.67313222          0.00050390          0.00456252
262            2.04281660         -0.66762277          0.00050119          0.00453057
263            2.05063974         -0.66216428          0.00049847          0.00449889
264            2.05846288         -0.65675632          0.00049576          0.00446748
265            2.06628603         -0.65139847          0.00049303          0.00443632
266            2.07410917         -0.64609031          0.00049031          0.00440543
267            2.08193231         -0.64083143          0.00048758          0.00437481
268            2.08975546         -0.63562141          0.00048485          0.00434445
269            2.09757860         -0.63045985          0.00048213          0.00431435
270            2.10540174         -0.62534634          0.00047940          0.00428451
271            2.11322489         -0.62028046          0.00047668          0.00425493
272            2.12104803         -0.61526182          0.00047397          0.00422561
273            2.12887117         -0.61029002          0.00047126          0.00419655
274            2.13669432         -0.60536466          0.00046855          0.00416775
275            2.14451746         -0.60048534          0.00046586          0.00413920
276            2.15234060         -0.59565166          0.00046317          0.00411090
277            2.16016375         -0.59086324          0.00046048          0.00408286
278            2.16798689         -0.58611968          0.00045781          0.00405507
279            2.17581003         -0.58142061          0.00045515          0.00402753
280            2.18363318         -0.57676562          0.00045249          0.00400023
281            2.19145632         -0.57215435          0.00044985          0.00397318
282            2.19927946         -0.56758642          0.00044721          0.00394637
283            2.20710261         -0.56306144          0.00044459          0.00391981
284            2.21492575         -0.55857904          0.00044198          0.00389348
285            2.22274889         -0.55413885          0.00043938          0.00386739
286            2.23057204         -0.54974050          0.00043680          0.00384154
287            2.23839518         -0.54538362          0.00043422          0.00381592
288            2.24621832         -0.54106784          0.00043166          0.00379054
289            2.25404147         -0.53679281          0.00042912          0.00376538
290            2.26186461         -0.53255816          0.00042658          0.00374045
291            2.26968776         -0.52836353          0.00042406          0.00371575
292            2.27751090         -0.52420858          0.00042156          0.00369127
293            2.28533404         -0.52009294          0.00041907          0.00366701
294            2.29315719         -0.51601627          0.00041659          0.00364297
295            2.30098033         -0.51197821          0.00041413          0.00361915
296            2.30880347         -0.50797843          0.00041168          0.00359555
297            2.31662662         -0.50401657          0.00040925          0.00357215
298            2.32444976         -0.50009230          0.00040683          0.00354897
299            2.33227290         -0.49620528          0.00040442          0.00352600
300            2.34009605         -0.49235516          0.00040203          0.00350324
301            2.34791919         -0.48854163          0.00039966          0.00348068
302            2.35574233         -0.48476434          0.00039730          0.00345832
303            2.36356548         -0.48102297          0.00039496          0.00343617
304            2.37138862         -0.47731719          0.00039263          0.00341421
305            2.37921176         -0.47364668          0.00039032          0.00339245
306            2.38703491         -0.47001111          0.00038802          0.00337089
307            2.39485805         -0.46641016          0.00038574          0.00334952
308            2.40268119         -0.46284352          0.00038347          0.00332834
309            2.41050434         -0.45931088          0.00038122          0.00330735
310            2.41832748         -0.45581191          0.00037898          0.00328655
311            2.42615062         -0.45234631          0.00037676          0.00326593
312            2.43397377         -0.44891377          0.00037456          0.00324550
313            2.44179691         -0.44551399          0.00037237          0.00322524
314            2.44962005         -0.44214665          0.00037019          0.00320517
315            2.45744320         -0.43881147          0.00036803          0.00318527
316            2.46526634         -0.43550814          0.00036589          0.00316555
317            2.47308948         -0.43223637          0.00036376          0.00314601
318            2.48091263         -0.42899586          0.00036165          0.00312664
319            2.48873577         -0.42578632          0.00035955          0.00310743
320            2.49655891         -0.42260745          0.00035746          0.00308840
321            2.50438206         -0.41945899          0.00035539          0.00306953
322            2.51220520         -0.41634062          0.00035334          0.00305083
323            2.52002834         -0.41325209          0.00035130          0.00303229
324            2.52785149         -0.41019309          0.00034928          0.00301391
325            2.53567463         -0.40716337          0.00034727          0.00299569
326            2.54349777         -0.40416263          0.00034527          0.00297763
327            2.55132092         -0.40119061          0.00034329          0.00295973
328            2.55914406         -0.39824703          0.00034132          0.00294198
329            2.56696720         -0.39533162          0.00033937          0.00292439
330            2.57479035         -0.39244413          0.00033743          0.00290694
331            2.58261349         -0.38958427          0.00033551          0.00288965
332            2.59043663         -0.38675180          0.00033360          0.00287250
333            2.59825978         -0.38394644          0.00033171          0.00285550
334            2.60608292         -0.38116794          0.00032982          0.00283865
335            2.61390606         -0.37841605          0.00032796          0.00282194
336            2.62172921         -0.37569050          0.00032610          0.00280538
337            2.62955235         -0.37299105          0.00032426          0.00278895
338            2.63737549         -0.37031744          0.00032244          0.00277266
339            2.64519864         -0.36766943          0.00032062          0.00275651
340            2.65302178         -0.36504677          0.00031882          0.00274050
341            2.66084492         -0.36244922          0.00031704          0.00272462
342            2.66866807         -0.35987654          0.00031527          0.00270888
343            2.67649121         -0.35732848          0.00031351          0.00269326
344            2.68431435         -0.35480480          0.00031176          0.00267778
345            2.69213750         -0.35230528          0.00031003          0.00266243
346            2.69996064         -0.34982968          0.00030831          0.00264721
347            2.70778378         -0.34737776          0.00030660          0.00263211
348            2.71560693         -0.34494930          0.00030490          0.00261713
349            2.72343007         -0.34254406          0.00030322          0.00260229
350            2.73125321         -0.34016183          0.00030155          0.00258756
351            2.73907636         -0.33780238          0.00029989          0.00257296
352            2.74689950         -0.33546548          0.00029825          0.00255847
353            2.75472264         -0.33315091          0.00029661          0.00254411
354            2.76254579         -0.33085847          0.00029499          0.00252986
355            2.77036893         -0.32858793          0.00029338          0.00251573
356            2.77819207         -0.32633907          0.00029179          0.00250171
357            2.78601522         -0.32411169          0.00029020          0.00248781
358            2.79383836         -0.32190557          0.00028863          0.00247402
359            2.80166150         -0.31972051          0.00028707          0.00246034
360            2.80948465         -0.31755629          0.00028552          0.00244677
361            2.81730779         -0.31541272          0.00028398          0.00243332
362            2.82513093         -0.31328959          0.00028245          0.00241997
363            2.83295408         -0.31118670          0.00028094          0.00240672
364            2.84077722         -0.30910385          0.00027943          0.00239359
365            2.84860036         -0.30704083          0.00027794          0.00238056
366            2.85642351         -0.30499747          0.00027645          0.00236763
367            2.86424665         -0.30297355          0.00027498          0.00235480
368            2.87206979         -0.30096889          0.00027352          0.00234208
369            2.87989294         -0.29898330          0.00027207          0.00232946
370            2.88771608         -0.29701659          0.00027063          0.00231694
371            2.89553922         -0.29506857          0.00026920          0.00230451
372            2.90336237         -0.29313905          0.00026779          0.00229219
373            2.91118551         -0.29122786          0.00026638          0.00227996
374            2.91900865         -0.28933480          0.00026498          0.00226783
375            2.92683180         -0.28745970          0.00026359          0.00225579
376            2.93465494         -0.28560239          0.00026222          0.00224384
377            2.94247808         -0.28376267          0.00026085          0.00223199
378            2.95030123         -0.28194038          0.00025949          0.00222023
379            2.95812437         -0.28013535          0.00025814          0.00220856
380            2.96594751         -0.27834739          0.00025681          0.00219699
381            2.97377066         -0.27657635          0.00025548          0.00218550
382            2.98159380         -0.27482204          0.00025416          0.00217410
383            2.98941694         -0.27308431          0.00025285          0.00216278
384            2.99724009         -0.27136298          0.00025155          0.00215156
385            3.00506323         -0.26965789          0.00025026          0.00214042
386            3.01288637         -0.26796889          0.00024898          0.00212936
387            3.02070952         -0.26629580          0.00024771          0.00211839
388            3.02853266         -0.26463846          0.00024645          0.00210750
389            3.03635580         -0.26299673          0.00024520          0.00209669
390            3.04417895         -0.26137044          0.00024395          0.00208597
391            3.05200209         -0.25975943          0.00024272          0.00207533
392            3.05982523         -0.25816356          0.00024149          0.00206476
393            3.06764838         -0.25658267          0.00024027          0.00205428
394            3.07547152         -0.25501660          0.00023907          0.00204387
395            3.08329466         -0.25346522          0.00023787          0.00203355
396            3.09111781         -0.25192836          0.00023667          0.00202329
397            3.09894095         -0.25040589          0.00023549          0.00201312
398            3.10676409         -0.24889766          0.00023432          0.00200302
399            3.11458724         -0.24740352          0.00023315          0.00199300
400            3.12241038         -0.24592333          0.00023199          0.00198305
401            3.13023352         -0.24445696          0.00023084          0.00197317
402            3.13805667         -0.24300425          0.00022970          0.00196336
403            3.14587981         -0.24156507          0.00022857          0.00195363
404            3.15370295         -0.24013929          0.00022744          0.00194397
405            3.16152610         -0.23872677          0.00022633          0.00193438
406            3.16934924         -0.23732737          0.00022522          0.00192486
407            3.17717238         -0.23594096          0.00022411          0.00191541
408            3.18499553         -0.23456742          0.00022302          0.00190602
409            3.19281867         -0.23320659          0.00022193          0.00189671
410            3.20064181         -0.23185837          0.00022085          0.00188746
411            3.20846496         -0.23052262          0.00021978          0.00187828
412            3.21628810         -0.22919920          0.00021872          0.00186917
413            3.22411124         -0.22788801          0.00021766          0.00186012
414            3.23193439         -0.22658891          0.00021661          0.00185113
415            3.23975753         -0.22530178          0.00021557          0.00184221
416            3.24758067         -0.22402649          0.00021454          0.00183336
417            3.25540382         -0.22276293          0.00021351          0.00182456
418            3.26322696         -0.22151098          0.00021249          0.00181583
419            3.27105010         -0.22027051          0.00021147          0.00180716
420            3.27887325         -0.21904142          0.00021047          0.00179855
421            3.28669639         -0.21782358          0.00020947          0.00179001
422            3.29451953         -0.21661687          0.00020847          0.00178152
423            3.30234268         -0.21542120          0.00020749          0.00177309
424            3.31016582         -0.21423643          0.00020651          0.00176472
425            3.31798897         -0.21306247          0.00020554          0.00175641
426            3.32581211         -0.21189919          0.00020457          0.00174816
427            3.33363525         -0.21074650          0.00020361          0.00173997
428            3.34145840         -0.20960428          0.00020266          0.00173183
429            3.34928154         -0.20847242          0.00020171          0.00172375
430            3.35710468         -0.20735082          0.00020077          0.00171572
431            3.36492783         -0.20623937          0.00019984          0.00170775
432            3.37275097         -0.20513797          0.00019891          0.00169984
433            3.38057411         -0.20404652          0.00019799          0.00169198
434            3.38839726         -0.20296491          0.00019707          0.00168417
435            3.39622040         -0.20189304          0.00019617          0.00167642
436            3.40404354         -0.20083082          0.00019526          0.00166872
437            3.41186669         -0.19977813          0.00019437          0.00166107
438            3.41968983         -0.19873490          0.00019348          0.00165347
439            3.42751297         -0.19770101          0.00019259          0.00164593
440            3.43533612         -0.19667637          0.00019171          0.00163844
441            3.44315926         -0.19566089          0.00019084          0.00163099
442            3.45098240         -0.19465447          0.00018997          0.00162360
443            3.45880555         -0.19365701          0.00018911          0.00161626
444            3.46662869         -0.19266844          0.00018825          0.00160897
445            3.47445183         -0.19168865          0.00018740          0.00160172
446            3.48227498         -0.19071755          0.00018656          0.00159453
447            3.49009812         -0.18975506          0.00018572          0.00158738
448            3.49792126         -0.18880109          0.00018489          0.00158028
449            3.50574441         -0.18785554          0.00018406          0.00157323
450            3.51356755         -0.18691834          0.00018324          0.00156622
451            3.52139069         -0.18598939          0.00018242          0.00155926
452            3.52921384         -0.18506861          0.00018161          0.00155235
453            3.53703698         -0.18415591          0.00018080          0.00154548
454            3.54486012         -0.18325122          0.00018000          0.00153865
455            3.55268327         -0.18235445          0.00017920          0.00153188
456            3.56050641         -0.18146552          0.00017841          0.00152514
457            3.56832955         -0.18058434          0.00017762          0.00151845
458            3.57615270         -0.17971085          0.00017684          0.00151181
459            3.58397584         -0.17884494          0.00017607          0.00150520
460            3.59179898         -0.17798656          0.00017530          0.00149864
461            3.59962213         -0.17713562          0.00017453          0.00149212
462            3.60744527         -0.17629205          0.00017377          0.00148565
463            3.61526841         -0.17545576          0.00017301          0.00147922
464            3.62309156         -0.17462669          0.00017226          0.00147282
465            3.63091470         -0.17380475          0.00017151          0.00146647
466            3.63873784         -0.17298988          0.00017077          0.00146016
467            3.64656099         -0.17218201          0.00017004          0.00145389
468            3.65438413         -0.17138105          0.00016930          0.00144766
469            3.66220727         -0.17058694          0.00016858          0.00144147
470            3.67003042         -0.16979960          0.00016785          0.00143532
471            3.67785356         -0.16901898          0.00016713          0.00142921
472            3.68567670         -0.16824499          0.00016642          0.00142314
473            3.69349985         -0.16747757          0.00016571          0.00141710
474            3.70132299         -0.16671665          0.00016500          0.00141111
475            3.70914613         -0.16596217          0.00016430          0.00140515
476            3.71696928         -0.16521405          0.00016361          0.00139923
477            3.72479242         -0.16447224          0.00016291          0.00139334
478            3.73261556         -0.16373666          0.00016223          0.00138750
479            3.74043871         -0.16300725          0.00016154          0.00138168
480            3.74826185         -0.16228395          0.00016086          0.00137591
481            3.75608499         -0.16156669          0.00016019          0.00137017
482            3.76390814         -0.16085542          0.00015952          0.00136447
483            3.77173128         -0.16015007          0.00015885          0.00135880
484            3.77955442         -0.15945057          0.00015819          0.00135317
485            3.78737757         -0.15875688          0.00015753          0.00134757
486            3.79520071         -0.15806892          0.00015687          0.00134201
487            3.80302385         -0.15738664          0.00015622          0.00133648
488            3.81084700         -0.15670998          0.00015558          0.00133099
489            3.81867014         -0.15603888          0.00015494          0.00132552
490            3.82649328         -0.15537329          0.00015430          0.00132010
491            3.83431643         -0.15471315          0.00015366          0.00131470
492            3.84213957         -0.15405839          0.00015303          0.00130934
493            3.84996271         -0.15340897          0.00015240          0.00130401
494            3.85778586         -0.15276484          0.00015178          0.00129872
495            3.86560900         -0.15212592          0.00015116          0.00129345
496            3.87343214         -0.15149218          0.00015054          0.00128822
497            3.88125529         -0.15086356          0.00014993          0.00128302
498            3.88907843         -0.15024000          0.00014932          0.00127785
499            3.89690157         -0.14962145          0.00014872          0.00127271
500            3.90472472         -0.14900786          0.00014812          0.00126760
