  1            0.00006638       2014.39002702      19362.54133616      34542.17476018
  2            0.00059837          6.70530439        220.21391303        407.03352252
  3            0.00113037        -10.60474291         49.22581541        101.57236420
  4            0.00166236        -13.33470729         14.32913124         38.51307494
  5            0.00219435        -13.43885941          2.43766020         16.27135095
  6            0.00272634        -12.68670695         -2.40029686          6.48120333
  7            0.00325833        -11.60662033         -4.39950268          1.70031773
  8            0.00379032        -10.42745982         -5.08615417         -0.73308802
  9            0.00432232         -9.26848461         -5.12772379         -1.96548101
 10            0.00485431         -8.19503677         -4.85241164         -2.55152316
 11            0.00538630         -7.24070959         -4.43427415         -2.77853111
 12            0.00591829         -6.41899918         -3.97131365         -2.79943150
 13            0.00645028         -5.73084476         -3.52250802         -2.69391408
 14            0.00698227         -5.16967597         -3.12459513         -2.50159673
 15            0.00751427         -4.72413466         -2.79155119         -2.25025102
 16            0.00804626         -4.37917591         -2.51054559         -1.97619816
 17            0.00857825         -4.11726709         -2.26211703         -1.71310078
 18            0.00911024         -3.92061523         -2.03736616         -1.47845731
 19            0.00964223         -3.77343885         -1.83505121         -1.27761199
 20            0.01017422         -3.66308639         -1.65594209         -1.11012802
 21            0.01070621         -3.57999714         -1.50041552         -0.97315237
 22            0.01123821         -3.51712948         -1.36794872         -0.86287885
 23            0.01177020         -3.46932728         -1.25722715         -0.77520083
 24            0.01230219         -3.43280369         -1.16635677         -0.70608518
 25            0.01283418         -3.40476304         -1.09305983         -0.65186458
 26            0.01336617         -3.38313255         -1.03485979         -0.60944595
 27            0.01389816         -3.36637156         -0.98926727         -0.57637444
 28            0.01443016         -3.35333337         -0.95394816         -0.55075538
 29            0.01496215         -3.34316347         -0.92684101         -0.53111028
 30            0.01549414         -3.33522330         -0.90620690         -0.51624611
 31            0.01602613         -3.32903262         -0.89062118         -0.50517174
 32            0.01655812         -3.32422599         -0.87893095         -0.49705501
 33            0.01709011         -3.32052001         -0.87020150         -0.49120112
 34            0.01762211         -3.31768911         -0.86366663         -0.48703776
 35            0.01815410         -3.31554794         -0.85868990         -0.48410094
 36            0.01868609         -3.31393904         -0.85473761         -0.48202055
 37            0.01921808         -3.31272443         -0.85136194         -0.48050643
 38            0.01975007         -3.31178031         -0.84819108         -0.47933547
 39            0.02028206         -3.31099384         -0.84492344         -0.47833974
 40            0.02081406         -3.31026145         -0.84132350         -0.47739561
 41            0.02134605         -3.30948809         -0.83721769         -0.47641384
 42            0.02187804         -3.30858702         -0.83248945         -0.47533043
 43            0.02241003         -3.30747985         -0.82707331         -0.47409867
 44            0.02294202         -3.30609664         -0.82094810         -0.47268225
 45            0.02347401         -3.30437588         -0.81412973         -0.47104977
 46            0.02400601         -3.30226443         -0.80666396         -0.46917054
 47            0.02453800         -3.29971725         -0.79861934         -0.46701170
 48            0.02506999         -3.29669700         -0.79008062         -0.46453671
 49            0.02560198         -3.29317359         -0.78114278         -0.46170495
 50            0.02613397         -3.28912360         -0.77190550         -0.45847251
 51            0.02666596         -3.28452965         -0.76246829         -0.45479378
 52            0.02719795         -3.27937981         -0.75292614         -0.45062388
 53            0.02772995         -3.27366694         -0.74336564         -0.44592148
 54            0.02826194         -3.26738813         -0.73386183         -0.44065178
 55            0.02879393         -3.26054412         -0.72447569         -0.43478929
 56            0.02932592         -3.25313879         -0.71525255         -0.42832016
 57            0.02985791         -3.24517870         -0.70622137         -0.42124362
 58            0.03038990         -3.23667265         -0.69739521         -0.41357252
 59            0.03092190         -3.22763132         -0.68877248         -0.40533279
 60            0.03145389         -3.21806697         -0.68033916         -0.39656208
 61            0.03198588         -3.20799309         -0.67207137         -0.38730762
 62            0.03251787         -3.19742424         -0.66393840         -0.37762375
 63            0.03304986         -3.18637575         -0.65590549         -0.36756936
 64            0.03358185         -3.17486359         -0.64793646         -0.35720542
 65            0.03411385         -3.16290420         -0.63999584         -0.34659288
 66            0.03464584         -3.15051436         -0.63205053         -0.33579096
 67            0.03517783         -3.13771103         -0.62407096         -0.32485588
 68            0.03570982         -3.12451130         -0.61603180         -0.31383999
 69            0.03624181         -3.11093230         -0.60791225         -0.30279129
 70            0.03677380         -3.09699110         -0.59969612         -0.29175312
 71            0.03730580         -3.08270465         -0.59137163         -0.28076420
 72            0.03783779         -3.06808974         -0.58293110         -0.26985875
 73            0.03836978         -3.05316297         -0.57437055         -0.25906667
 74            0.03890177         -3.03794066         -0.56568927         -0.24841389
 75            0.03943376         -3.02243887         -0.55688934         -0.23792266
 76            0.03996575         -3.00667332         -0.54797522         -0.22761187
 77            0.04049775         -2.99065943         -0.53895329         -0.21749742
 78            0.04102974         -2.97441223         -0.52983154         -0.20759247
 79            0.04156173         -2.95794640         -0.52061917         -0.19790779
 80            0.04209372         -2.94127623         -0.51132631         -0.18845201
 81            0.04262571         -2.92441562         -0.50196375         -0.17923187
 82            0.04315770         -2.90737806         -0.49254272         -0.17025245
 83            0.04368969         -2.89017665         -0.48307469         -0.16151738
 84            0.04422169         -2.87282406         -0.47357121         -0.15302902
 85            0.04475368         -2.85533255         -0.46404378         -0.14478863
 86            0.04528567         -2.83771400         -0.45450370         -0.13679652
 87            0.04581766         -2.81997984         -0.44496206         -0.12905216
 88            0.04634965         -2.80214111         -0.43542958         -0.12155436
 89            0.04688164         -2.78420846         -0.42591659         -0.11430131
 90            0.04741364         -2.76619213         -0.41643301         -0.10729071
 91            0.04794563         -2.74810196         -0.40698828         -0.10051987
 92            0.04847762         -2.72994742         -0.39759137         -0.09398577
 93            0.04900961         -2.71173759         -0.38825074         -0.08768512
 94            0.04954160         -2.69348120         -0.37897435         -0.08161448
 95            0.05007359         -2.67518660         -0.36976965         -0.07577025
 96            0.05060559         -2.65686179         -0.36064360         -0.07014882
 97            0.05113758         -2.63851442         -0.35160265         -0.06474654
 98            0.05166957         -2.62015181         -0.34265278         -0.05955986
 99            0.05220156         -2.60178096         -0.33379950         -0.05458535
100            0.05273355         -2.58340856         -0.32504786         -0.04981979
101            0.05326554         -2.56504095         -0.31640246         -0.04526025
102            0.05379754         -2.54668423         -0.30786752         -0.04090418
103            0.05432953         -2.52834418         -0.29944680         -0.03674953
104            0.05486152         -2.51002630         -0.29114372         -0.03279491
105            0.05539351         -2.49173582         -0.28296132         -0.02903973
106            0.05592550         -2.47347774         -0.27490229         -0.02548448
107            0.05645749         -2.45525676         -0.26696899         -0.02213094
108            0.05698949         -2.43707738         -0.25916347         -0.01898253
109            0.05752148         -2.41894386         -0.25148750         -0.01604466
110            0.05805347         -2.40086021         -0.24394256         -0.01332493
111            0.05858546         -2.38283026         -0.23652988         -0.01083320
112            0.05911745         -2.36485761         -0.22925045         -0.00858096
113            0.05964944         -2.34694567         -0.22210502         -0.00657966
114            0.06018143         -2.32909766         -0.21509415         -0.00483764
115            0.06071343         -2.31131661         -0.20821818         -0.00335609
116            0.06124542         -2.29360539         -0.20147729         -0.00212542
117            0.06177741         -2.27596669         -0.19487147         -0.00112452
118            0.06230940         -2.25840304         -0.18840058         -0.00032355
119            0.06284139         -2.24091683         -0.18206431          0.00031103
120            0.06337338         -2.22351027         -0.17586224          0.00081162
121            0.06390538         -2.20618547         -0.16979379          0.00120653
122            0.06443737         -2.18894439         -0.16385831          0.00151897
123            0.06496936         -2.17178885         -0.15805502          0.00176722
124            0.06550135         -2.15472055         -0.15238306          0.00196539
125            0.06603334         -2.13774109         -0.14684148          0.00212426
126            0.06656533         -2.12085195         -0.14142926          0.00225209
127            0.06709733         -2.10405450         -0.13614529          0.00235519
128            0.06762932         -2.08735001         -0.13098842          0.00243844
129            0.06816131         -2.07073965         -0.12595744          0.00250566
130            0.06869330         -2.05422451         -0.12105108          0.00255983
131            0.06922529         -2.03780558         -0.11626803          0.00260331
132            0.06975728         -2.02148377         -0.11160695          0.00263800
133            0.07028928         -2.00525992         -0.10706646          0.00266543
134            0.07082127         -1.98913479         -0.10264516          0.00268684
135            0.07135326         -1.97310905         -0.09834160          0.00270327
136            0.07188525         -1.95718333         -0.09415434          0.00271555
137            0.07241724         -1.94135817         -0.09008191          0.00272439
138            0.07294923         -1.92563408         -0.08612282          0.00273040
139            0.07348123         -1.91001148         -0.08227558          0.00273408
140            0.07401322         -1.89449075         -0.07853870          0.00273585
141            0.07454521         -1.87907222         -0.07491065          0.00273610
142            0.07507720         -1.86375616         -0.07138995          0.00273515
143            0.07560919         -1.84854280         -0.06797507          0.00273328
144            0.07614118         -1.83343232         -0.06466451          0.00273074
145            0.07667317         -1.81842487         -0.06145677          0.00272776
146            0.07720517         -1.80352054         -0.05835033          0.00272454
147            0.07773716         -1.78871940         -0.05534372          0.00272127
148            0.07826915         -1.77402147         -0.05243542          0.00271813
149            0.07880114         -1.75942675         -0.04962398          0.00271527
150            0.07933313         -1.74493520         -0.04690790          0.00271285
151            0.07986512         -1.73054674         -0.04428573          0.00271102
152            0.08039712         -1.71626128         -0.04175601          0.00270994
153            0.08092911         -1.70207869         -0.03931730          0.00270974
154            0.08146110         -1.68799882         -0.03696816          0.00271058
155            0.08199309         -1.67402150         -0.03470717          0.00271261
156            0.08252508         -1.66014651         -0.03253293          0.00271599
157            0.08305707         -1.64637364         -0.03044403          0.00272090
158            0.08358907         -1.63270266         -0.02843909          0.00272751
159            0.08412106         -1.61913329         -0.02651674          0.00273601
160            0.08465305         -1.60566526         -0.02467563          0.00274663
161            0.08518504         -1.59229827         -0.02291442          0.00275959
162            0.08571703         -1.57903202         -0.02123180          0.00277514
163            0.08624902         -1.56586616         -0.01962647          0.00279357
164            0.08678102         -1.55280036         -0.01809716          0.00281520
165            0.08731301         -1.53983427         -0.01664263          0.00284035
166            0.08784500         -1.52696751         -0.01526164          0.00286943
167            0.08837699         -1.51419970         -0.01395301          0.00290286
168            0.08890898         -1.50153046         -0.01271559          0.00294110
169            0.08944097         -1.48895938         -0.01154825          0.00298467
170            0.08997297         -1.47648604         -0.01044989          0.00303413
171            0.09050496         -1.46411003         -0.00941943          0.00309007
172            0.09103695         -1.45183092         -0.00845580          0.00315312
173            0.09156894         -1.43964827         -0.00755794          0.00322391
174            0.09210093         -1.42756163         -0.00672473          0.00330304
175            0.09263292         -1.41557055         -0.00595497          0.00339106
176            0.09316491         -1.40367457         -0.00524734          0.00348840
177            0.09369691         -1.39187322         -0.00460030          0.00359530
178            0.09422890         -1.38016604         -0.00401206          0.00371174
179            0.09476089         -1.36855255         -0.00348046          0.00383738
180            0.09529288         -1.35703225         -0.00300297          0.00397151
181            0.09582487         -1.34560468         -0.00257664          0.00411301
182            0.09635686         -1.33426933         -0.00219811          0.00426038
183            0.09688886         -1.32302572         -0.00186372          0.00441181
184            0.09742085         -1.31187333         -0.00156957          0.00456526
185            0.09795284         -1.30081168         -0.00131167          0.00471862
186            0.09848483         -1.28984026         -0.00108609          0.00486982
187            0.09901682         -1.27895855         -0.00088905          0.00501695
188            0.09954881         -1.26816605         -0.00071702          0.00515834
189            0.10008081         -1.25746225         -0.00056679          0.00529260
190            0.10061280         -1.24684662         -0.00043546          0.00541866
191            0.10114479         -1.23631866         -0.00032051          0.00553575
192            0.10167678         -1.22587784         -0.00021970          0.00564338
193            0.10220877         -1.21552365         -0.00013112          0.00574130
194            0.10274076         -1.20525556         -0.00005313          0.00582950
195            0.10327276         -1.19507305          0.00001570          0.00590811
196            0.10380475         -1.18497559          0.00007657          0.00597740
197            0.10433674         -1.17496267          0.00013051          0.00603774
198            0.10486873         -1.16503375          0.00017840          0.00608958
199            0.10540072         -1.15518830          0.00022101          0.00613340
200            0.10593271         -1.14542581          0.00025898          0.00616971
201            0.10646471         -1.13574575          0.00029287          0.00619904
202            0.10699670         -1.12614758          0.00032314          0.00622190
203            0.10752869         -1.11663078          0.00035023          0.00623880
204            0.10806068         -1.10719483          0.00037449          0.00625023
205            0.10859267         -1.09783919          0.00039622          0.00625664
206            0.10912466         -1.08856334          0.00041570          0.00625848
207            0.10965665         -1.07936675          0.00043317          0.00625615
208            0.11018865         -1.07024890          0.00044883          0.00625004
209            0.11072064         -1.06120926          0.00046287          0.00624050
210            0.11125263         -1.05224730          0.00047544          0.00622786
211            0.11178462         -1.04336250          0.00048670          0.00621241
212            0.11231661         -1.03455433          0.00049676          0.00619442
213            0.11284860         -1.02582227          0.00050574          0.00617416
214            0.11338060         -1.01716581          0.00051373          0.00615185
215            0.11391259         -1.00858441          0.00052084          0.00612770
216            0.11444458         -1.00007756          0.00052713          0.00610191
217            0.11497657         -0.99164474          0.00053268          0.00607464
218            0.11550856         -0.98328542          0.00053755          0.00604605
219            0.11604055         -0.97499910          0.00054180          0.00601630
220            0.11657255         -0.96678525          0.00054548          0.00598551
221            0.11710454         -0.95864336          0.00054865          0.00595380
222            0.11763653         -0.95057292          0.00055134          0.00592128
223            0.11816852         -0.94257342          0.00055359          0.00588806
224            0.11870051         -0.93464433          0.00055544          0.00585421
225            0.11923250         -0.92678516          0.00055691          0.00581982
226            0.11976450         -0.91899540          0.00055805          0.00578497
227            0.12029649         -0.91127454          0.00055888          0.00574973
228            0.12082848         -0.90362207          0.00055941          0.00571415
229            0.12136047         -0.89603749          0.00055968          0.00567830
230            0.12189246         -0.88852030          0.00055970          0.00564222
231            0.12242445         -0.88107001          0.00055949          0.00560596
232            0.12295645         -0.87368610          0.00055908          0.00556957
233            0.12348844         -0.86636809          0.00055847          0.00553308
234            0.12402043         -0.85911548          0.00055768          0.00549652
235            0.12455242         -0.85192778          0.00055673          0.00545994
236            0.12508441         -0.84480449          0.00055563          0.00542335
237            0.12561640         -0.83774513          0.00055438          0.00538680
238            0.12614839         -0.83074921          0.00055301          0.00535029
239            0.12668039         -0.82381625          0.00055151          0.00531385
240            0.12721238         -0.81694575          0.00054991          0.00527751
241            0.12774437         -0.81013725          0.00054820          0.00524128
242            0.12827636         -0.80339025          0.00054640          0.00520517
243            0.12880835         -0.79670429          0.00054451          0.00516921
244            0.12934034         -0.79007888          0.00054254          0.00513340
245            0.12987234         -0.78351355          0.00054050          0.00509776
246            0.13040433         -0.77700784          0.00053839          0.00506230
247            0.13093632         -0.77056127          0.00053622          0.00502703
248            0.13146831         -0.76417338          0.00053399          0.00499196
249            0.13200030         -0.75784370          0.00053171          0.00495709
250            0.13253229         -0.75157176          0.00052938          0.00492244
251            0.13306429         -0.74535711          0.00052701          0.00488800
252            0.13359628         -0.73919929          0.00052460          0.00485379
253            0.13412827         -0.73309784          0.00052216          0.00481982
254            0.13466026         -0.72705231          0.00051968          0.00478607
255            0.13519225         -0.72106225          0.00051717          0.00475257
256            0.13572424         -0.71512720          0.00051464          0.00471931
257            0.13625624         -0.70924673          0.00051208          0.00468630
258            0.13678823         -0.70342038          0.00050951          0.00465353
259            0.13732022         -0.69764771          0.00050691          0.00462102
260            0.13785221         -0.69192828          0.00050430          0.00458875
261            0.13838420         -0.68626166          0.00050167          0.00455674
262            0.13891619         -0.68064741          0.00049904          0.00452499
263            0.13944819         -0.67508509          0.00049639          0.00449349
264            0.13998018         -0.66957427          0.00049374          0.00446225
265            0.14051217         -0.66411453          0.00049107          0.00443126
266            0.14104416         -0.65870544          0.00048841          0.00440053
267            0.14157615         -0.65334658          0.00048574          0.00437006
268            0.14210814         -0.64803752          0.00048307          0.00433985
269            0.14264013         -0.64277784          0.00048039          0.00430989
270            0.14317213         -0.63756713          0.00047772          0.00428018
271            0.14370412         -0.63240498          0.00047505          0.00425074
272            0.14423611         -0.62729097          0.00047238          0.00422154
273            0.14476810         -0.62222469          0.00046971          0.00419260
274            0.14530009         -0.61720574          0.00046705          0.00416391
275            0.14583208         -0.61223371          0.00046439          0.00413547
276            0.14636408         -0.60730820          0.00046174          0.00410728
277            0.14689607         -0.60242881          0.00045910          0.00407934
278            0.14742806         -0.59759514          0.00045646          0.00405165
279            0.14796005         -0.59280681          0.00045383          0.00402420
280            0.14849204         -0.58806340          0.00045121          0.00399699
281            0.14902403         -0.58336455          0.00044860          0.00397003
282            0.14955603         -0.57870985          0.00044600          0.00394331
283            0.15008802         -0.57409892          0.00044341          0.00391682
284            0.15062001         -0.56953139          0.00044083          0.00389057
285            0.15115200         -0.56500687          0.00043826          0.00386456
286            0.15168399         -0.56052499          0.00043570          0.00383878
287            0.15221598         -0.55608536          0.00043316          0.00381323
288            0.15274798         -0.55168762          0.00043062          0.00378791
289            0.15327997         -0.54733140          0.00042810          0.00376282
290            0.15381196         -0.54301633          0.00042559          0.00373796
291            0.15434395         -0.53874204          0.00042309          0.00371331
292            0.15487594         -0.53450817          0.00042061          0.00368889
293            0.15540793         -0.53031437          0.00041814          0.00366469
294            0.15593993         -0.52616027          0.00041568          0.00364071
295            0.15647192         -0.52204552          0.00041324          0.00361694
296            0.15700391         -0.51796976          0.00041081          0.00359339
297            0.15753590         -0.51393265          0.00040840          0.00357004
298            0.15806789         -0.50993384          0.00040600          0.00354691
299            0.15859988         -0.50597298          0.00040361          0.00352399
300            0.15913187         -0.50204974          0.00040124          0.00350127
301            0.15966387         -0.49816376          0.00039889          0.00347875
302            0.16019586         -0.49431471          0.00039654          0.00345644
303            0.16072785         -0.49050225          0.00039422          0.00343433
304            0.16125984         -0.48672606          0.00039190          0.00341241
305            0.16179183         -0.48298580          0.00038961          0.00339069
306            0.16232382         -0.47928115          0.00038732          0.00336916
307            0.16285582         -0.47561177          0.00038506          0.00334783
308            0.16338781         -0.47197734          0.00038280          0.00332668
309            0.16391980         -0.46837755          0.00038056          0.00330573
310            0.16445179         -0.46481207          0.00037834          0.00328496
311            0.16498378         -0.46128059          0.00037613          0.00326437
312            0.16551577         -0.45778280          0.00037394          0.00324397
313            0.16604777         -0.45431837          0.00037176          0.00322375
314            0.16657976         -0.45088701          0.00036960          0.00320370
315            0.16711175         -0.44748840          0.00036745          0.00318384
316            0.16764374         -0.44412225          0.00036532          0.00316414
317            0.16817573         -0.44078824          0.00036320          0.00314463
318            0.16870772         -0.43748609          0.00036109          0.00312528
319            0.16923972         -0.43421548          0.00035901          0.00310610
320            0.16977171         -0.43097614          0.00035693          0.00308709
321            0.17030370         -0.42776775          0.00035487          0.00306825
322            0.17083569         -0.42459004          0.00035283          0.00304957
323            0.17136768         -0.42144272          0.00035080          0.00303105
324            0.17189967         -0.41832549          0.00034878          0.00301270
325            0.17243167         -0.41523808          0.00034678          0.00299450
326            0.17296366         -0.41218020          0.00034479          0.00297646
327            0.17349565         -0.40915158          0.00034282          0.00295858
328            0.17402764         -0.40615194          0.00034086          0.00294085
329            0.17455963         -0.40318100          0.00033892          0.00292327
330            0.17509162         -0.40023849          0.00033699          0.00290585
331            0.17562361         -0.39732413          0.00033507          0.00288857
332            0.17615561         -0.39443768          0.00033317          0.00287145
333            0.17668760         -0.39157885          0.00033128          0.00285446
334            0.17721959         -0.38874738          0.00032940          0.00283763
335            0.17775158         -0.38594301          0.00032754          0.00282094
336            0.17828357         -0.38316548          0.00032570          0.00280439
337            0.17881556         -0.38041454          0.00032386          0.00278797
338            0.17934756         -0.37768993          0.00032204          0.00277170
339            0.17987955         -0.37499140          0.00032024          0.00275557
340            0.18041154         -0.37231869          0.00031844          0.00273957
341            0.18094353         -0.36967156          0.00031666          0.00272371
342            0.18147552         -0.36704976          0.00031490          0.00270798
343            0.18200751         -0.36445304          0.00031314          0.00269238
344            0.18253951         -0.36188117          0.00031140          0.00267691
345            0.18307150         -0.35933390          0.00030967          0.00266157
346            0.18360349         -0.35681100          0.00030796          0.00264636
347            0.18413548         -0.35431223          0.00030625          0.00263127
348            0.18466747         -0.35183735          0.00030456          0.00261631
349            0.18519946         -0.34938614          0.00030289          0.00260147
350            0.18573146         -0.34695835          0.00030122          0.00258676
351            0.18626345         -0.34455377          0.00029957          0.00257217
352            0.18679544         -0.34217217          0.00029793          0.00255769
353            0.18732743         -0.33981333          0.00029630          0.00254334
354            0.18785942         -0.33747701          0.00029468          0.00252910
355            0.18839141         -0.33516300          0.00029308          0.00251498
356            0.18892341         -0.33287109          0.00029148          0.00250097
357            0.18945540         -0.33060106          0.00028990          0.00248708
358            0.18998739         -0.32835268          0.00028833          0.00247330
359            0.19051938         -0.32612575          0.00028678          0.00245963
360            0.19105137         -0.32392007          0.00028523          0.00244608
361            0.19158336         -0.32173541          0.00028369          0.00243263
362            0.19211535         -0.31957157          0.00028217          0.00241929
363            0.19264735         -0.31742835          0.00028066          0.00240605
364            0.19317934         -0.31530554          0.00027916          0.00239293
365            0.19371133         -0.31320295          0.00027767          0.00237990
366            0.19424332         -0.31112037          0.00027619          0.00236698
367            0.19477531         -0.30905760          0.00027472          0.00235417
368            0.19530730         -0.30701445          0.00027326          0.00234145
369            0.19583930         -0.30499072          0.00027181          0.00232884
370            0.19637129         -0.30298623          0.00027038          0.00231633
371            0.19690328         -0.30100077          0.00026895          0.00230391
372            0.19743527         -0.29903417          0.00026754          0.00229159
373            0.19796726         -0.29708623          0.00026613          0.00227937
374            0.19849925         -0.29515677          0.00026474          0.00226724
375            0.19903125         -0.29324560          0.00026335          0.00225521
376            0.19956324         -0.29135254          0.00026198          0.00224327
377            0.20009523         -0.28947742          0.00026061          0.00223143
378            0.20062722         -0.28762005          0.00025926          0.00221968
379            0.20115921         -0.28578025          0.00025792          0.00220801
380            0.20169120         -0.28395785          0.00025658          0.00219644
381            0.20222320         -0.28215268          0.00025525          0.00218496
382            0.20275519         -0.28036456          0.00025394          0.00217356
383            0.20328718         -0.27859332          0.00025263          0.00216226
384            0.20381917         -0.27683880          0.00025134          0.00215104
385            0.20435116         -0.27510082          0.00025005          0.00213990
386            0.20488315         -0.27337922          0.00024877          0.00212885
387            0.20541515         -0.27167383          0.00024750          0.00211788
388            0.20594714         -0.26998450          0.00024624          0.00210700
389            0.20647913         -0.26831105          0.00024499          0.00209620
390            0.20701112         -0.26665334          0.00024375          0.00208548
391            0.20754311         -0.26501120          0.00024252          0.00207484
392            0.20807510         -0.26338447          0.00024129          0.00206429
393            0.20860709         -0.26177301          0.00024008          0.00205381
394            0.20913909         -0.26017665          0.00023887          0.00204340
395            0.20967108         -0.25859524          0.00023767          0.00203308
396            0.21020307         -0.25702863          0.00023648          0.00202284
397            0.21073506         -0.25547668          0.00023530          0.00201267
398            0.21126705         -0.25393924          0.00023413          0.00200257
399            0.21179904         -0.25241615          0.00023297          0.00199255
400            0.21233104         -0.25090727          0.00023181          0.00198260
401            0.21286303         -0.24941246          0.00023066          0.00197273
402            0.21339502         -0.24793158          0.00022952          0.00196293
403            0.21392701         -0.24646448          0.00022839          0.00195320
404            0.21445900         -0.24501103          0.00022727          0.00194355
405            0.21499099         -0.24357108          0.00022615          0.00193396
406            0.21552299         -0.24214450          0.00022504          0.00192444
407            0.21605498         -0.24073116          0.00022394          0.00191500
408            0.21658697         -0.23933092          0.00022285          0.00190562
409            0.21711896         -0.23794364          0.00022176          0.00189631
410            0.21765095         -0.23656919          0.00022069          0.00188706
411            0.21818294         -0.23520745          0.00021962          0.00187789
412            0.21871494         -0.23385828          0.00021855          0.00186877
413            0.21924693         -0.23252156          0.00021750          0.00185973
414            0.21977892         -0.23119716          0.00021645          0.00185075
415            0.22031091         -0.22988495          0.00021541          0.00184183
416            0.22084290         -0.22858481          0.00021438          0.00183298
417            0.22137489         -0.22729661          0.00021335          0.00182419
418            0.22190689         -0.22602024          0.00021233          0.00181546
419            0.22243888         -0.22475557          0.00021132          0.00180679
420            0.22297087         -0.22350249          0.00021031          0.00179819
421            0.22350286         -0.22226087          0.00020932          0.00178964
422            0.22403485         -0.22103060          0.00020832          0.00178116
423            0.22456684         -0.21981155          0.00020734          0.00177274
424            0.22509883         -0.21860363          0.00020636          0.00176437
425            0.22563083         -0.21740671          0.00020539          0.00175606
426            0.22616282         -0.21622068          0.00020443          0.00174781
427            0.22669481         -0.21504543          0.00020347          0.00173962
428            0.22722680         -0.21388084          0.00020252          0.00173149
429            0.22775879         -0.21272682          0.00020157          0.00172341
430            0.22829078         -0.21158324          0.00020063          0.00171539
431            0.22882278         -0.21045001          0.00019970          0.00170742
432            0.22935477         -0.20932702          0.00019877          0.00169951
433            0.22988676         -0.20821416          0.00019785          0.00169165
434            0.23041875         -0.20711132          0.00019694          0.00168385
435            0.23095074         -0.20601842          0.00019603          0.00167610
436            0.23148273         -0.20493533          0.00019513          0.00166840
437            0.23201473         -0.20386197          0.00019423          0.00166075
438            0.23254672         -0.20279823          0.00019334          0.00165316
439            0.23307871         -0.20174401          0.00019246          0.00164562
440            0.23361070         -0.20069922          0.00019158          0.00163813
441            0.23414269         -0.19966375          0.00019071          0.00163069
442            0.23467468         -0.19863752          0.00018984          0.00162330
443            0.23520668         -0.19762043          0.00018898          0.00161596
444            0.23573867         -0.19661238          0.00018813          0.00160867
445            0.23627066         -0.19561328          0.00018728          0.00160143
446            0.23680265         -0.19462304          0.00018644          0.00159423
447            0.23733464         -0.19364156          0.00018560          0.00158709
448            0.23786663         -0.19266876          0.00018476          0.00157999
449            0.23839863         -0.19170455          0.00018394          0.00157294
450            0.23893062         -0.19074884          0.00018312          0.00156593
451            0.23946261         -0.18980153          0.00018230          0.00155898
452            0.23999460         -0.18886256          0.00018149          0.00155206
453            0.24052659         -0.18793182          0.00018068          0.00154520
454            0.24105858         -0.18700923          0.00017988          0.00153838
455            0.24159057         -0.18609471          0.00017909          0.00153160
456            0.24212257         -0.18518818          0.00017830          0.00152487
457            0.24265456         -0.18428955          0.00017751          0.00151818
458            0.24318655         -0.18339874          0.00017673          0.00151154
459            0.24371854         -0.18251568          0.00017596          0.00150494
460            0.24425053         -0.18164027          0.00017519          0.00149838
461            0.24478252         -0.18077245          0.00017442          0.00149186
462            0.24531452         -0.17991213          0.00017366          0.00148539
463            0.24584651         -0.17905924          0.00017290          0.00147896
464            0.24637850         -0.17821370          0.00017215          0.00147257
465            0.24691049         -0.17737543          0.00017141          0.00146622
466            0.24744248         -0.17654436          0.00017067          0.00145991
467            0.24797447         -0.17572041          0.00016993          0.00145364
468            0.24850647         -0.17490351          0.00016920          0.00144741
469            0.24903846         -0.17409359          0.00016847          0.00144122
470            0.24957045         -0.17329058          0.00016775          0.00143507
471            0.25010244         -0.17249440          0.00016703          0.00142896
472            0.25063443         -0.17170499          0.00016632          0.00142289
473            0.25116642         -0.17092226          0.00016561          0.00141686
474            0.25169842         -0.17014616          0.00016490          0.00141087
475            0.25223041         -0.16937662          0.00016420          0.00140491
476            0.25276240         -0.16861357          0.00016351          0.00139899
477            0.25329439         -0.16785693          0.00016282          0.00139311
478            0.25382638         -0.16710665          0.00016213          0.00138726
479            0.25435837         -0.16636266          0.00016145          0.00138145
480            0.25489037         -0.16562489          0.00016077          0.00137568
481            0.25542236         -0.16489328          0.00016009          0.00136994
482            0.25595435         -0.16416777          0.00015942          0.00136424
483            0.25648634         -0.16344829          0.00015876          0.00135858
484            0.25701833         -0.16273478          0.00015809          0.00135295
485            0.25755032         -0.16202718          0.00015744          0.00134735
486            0.25808231         -0.16132542          0.00015678          0.00134179
487            0.25861431         -0.16062946          0.00015613          0.00133626
488            0.25914630         -0.15993921          0.00015549          0.00133077
489            0.25967829         -0.15925464          0.00015484          0.00132531
490            0.26021028         -0.15857568          0.00015421          0.00131988
491            0.26074227         -0.15790226          0.00015357          0.00131449
492            0.26127426         -0.15723434          0.00015294          0.00130913
493            0.26180626         -0.15657186          0.00015232          0.00130380
494            0.26233825         -0.15591476          0.00015169          0.00129851
495            0.26287024         -0.15526298          0.00015107          0.00129324
496            0.26340223         -0.15461648          0.00015046          0.00128801
497            0.26393422         -0.15397518          0.00014985          0.00128281
498            0.26446621         -0.15333905          0.00014924          0.00127764
499            0.26499821         -0.15270803          0.00014863          0.00127251
500            0.26553020         -0.15208206          0.00014803          0.00126740
