  1            1.00000000       2025.51296211       2032.98647701      19373.70124392      19381.13774749      34553.35972122      34560.77010916      54070.08175309
  2           21.03807615         -2.31496215          4.59327497         36.88098360         43.78922134         71.17278598         78.08567441        115.27319285
  3           41.07615230         -4.39595556          1.20491103          5.88608025         11.48681845         14.83543603         20.48348745         26.44994275
  4           61.11422846         -3.63664192          0.54431440          1.01209869          5.18913060          4.93490735          9.25334478         10.30074501
  5           81.15230461         -2.70201064          0.30869726         -0.04490309          2.94291388          2.01014027          5.24785342          5.21833274
  6          101.19038076         -1.97737276          0.19854366         -0.22108027          1.89278292          0.93582807          3.37524227          3.15700362
  7          121.22845691         -1.49095895          0.13833285         -0.19949150          1.31877320          0.49981194          2.35165851          2.15333616
  8          141.26653307         -1.19214690          0.10187225         -0.16040547          0.97118216          0.32918981          1.73182832          1.58293513
  9          161.30460922         -1.02316511          0.07813416         -0.13219207          0.74487897          0.27165664          1.32828068          1.21667036
 10          181.34268537         -0.93449314          0.06182077         -0.10736919          0.58935800          0.25224544          1.05095308          0.96149150
 11          201.38076152         -0.88995035          0.05013010         -0.08421471          0.47790691          0.24103507          0.85221162          0.77511234
 12          221.41883768         -0.86765757          0.04146726         -0.06461480          0.39532123          0.22943932          0.70494345          0.63535820
 13          241.45691383         -0.85616424          0.03487026         -0.04932737          0.33242982          0.21599919          0.59279444          0.52884601
 14          261.49498998         -0.84990274          0.02973088         -0.03792020          0.28343438          0.20112019          0.50542494          0.44665068
 15          281.53306613         -0.84624440          0.02564931         -0.02956408          0.24452341          0.18551217          0.43603825          0.38247036
 16          301.57114228         -0.84396232          0.02235398         -0.02346289          0.21310798          0.16980715          0.38001772          0.33171948
 17          321.60921844         -0.84247988          0.01965520         -0.01898264          0.18737959          0.15450209          0.33413843          0.29101230
 18          341.64729459         -0.84150747          0.01741721         -0.01565351          0.16604404          0.13996756          0.29609252          0.25784169
 19          361.68537074         -0.84086864          0.01554077         -0.01313643          0.14815536          0.12645865          0.26419313          0.23036449
 20          381.72344689         -0.84042162          0.01395201         -0.01118866          0.13300917          0.11412481          0.23718419          0.20724340
 21          401.76152305         -0.84002929          0.01259499         -0.00963690          0.12007223          0.10302479          0.21411482          0.18751921
 22          421.79959920         -0.83955335          0.01142674         -0.00835830          0.10893488          0.09314690          0.19425450          0.17050510
 23          441.83767535         -0.83885890          0.01041379         -0.00726716          0.09927817          0.08443068          0.17703450          0.15570294
 24          461.87575150         -0.83782188          0.00952981         -0.00630533          0.09085084          0.07678593          0.16200674          0.14274182
 25          481.91382766         -0.83633564          0.00875378         -0.00543510          0.08345272          0.07010759          0.14881429          0.13133607
 26          501.95190381         -0.83431494          0.00806882         -0.00463357          0.07692280          0.06428634          0.13717002          0.12125828
 27          521.98997996         -0.83169744          0.00746123         -0.00388817          0.07113035          0.05921551          0.12684083          0.11232248
 28          542.02805611         -0.82844297          0.00691976         -0.00319312          0.06596837          0.05479532          0.11763590          0.10437367
 29          562.06613226         -0.82453142          0.00643516         -0.00254674          0.06134857          0.05093507          0.10939780          0.09728106
 30          582.10420842         -0.81995984          0.00599975         -0.00194936          0.05719760          0.04755403          0.10199572          0.09093344
 31          602.14228457         -0.81473932          0.00560707         -0.00140200          0.05345410          0.04458139          0.09532025          0.08523576
 32          622.18036072         -0.80889194          0.00525172         -0.00090544          0.05006644          0.04195572          0.08927931          0.08010648
 33          642.21843687         -0.80244796          0.00492912         -0.00045980          0.04699090          0.03962420          0.08379496          0.07547542
 34          662.25651303         -0.79544347          0.00463534         -0.00006428          0.04419028          0.03754171          0.07880086          0.07128198
 35          682.29458918         -0.78791836          0.00436707          0.00028277          0.04163278          0.03566993          0.07424027          0.06747368
 36          702.33266533         -0.77991470          0.00412144          0.00058381          0.03929104          0.03397648          0.07006444          0.06400492
 37          722.37074148         -0.77147547          0.00389596          0.00084186          0.03714146          0.03243420          0.06623128          0.06083597
 38          742.40881764         -0.76264355          0.00368849          0.00106035          0.03516358          0.03102038          0.06270428          0.05793215
 39          762.44689379         -0.75346099          0.00349716          0.00124293          0.03333958          0.02971618          0.05945169          0.05526311
 40          782.48496994         -0.74396845          0.00332034          0.00139330          0.03165390          0.02850602          0.05644577          0.05280224
 41          802.52304609         -0.73420482          0.00315660          0.00151512          0.03009291          0.02737715          0.05366219          0.05052624
 42          822.56112224         -0.72420695          0.00300468          0.00161184          0.02864461          0.02631910          0.05107955          0.04841470
 43          842.59919840         -0.71400953          0.00286347          0.00168672          0.02729840          0.02532336          0.04867896          0.04644974
 44          862.63727455         -0.70364496          0.00273198          0.00174273          0.02604491          0.02438301          0.04644372          0.04461572
 45          882.67535070         -0.69314339          0.00260935          0.00178258          0.02487581          0.02349240          0.04435897          0.04289898
 46          902.71342685         -0.68253270          0.00249479          0.00180866          0.02378370          0.02264690          0.04241150          0.04128762
 47          922.75150301         -0.67183859          0.00238762          0.00182312          0.02276196          0.02184271          0.04058952          0.03977128
 48          942.78957916         -0.66108468          0.00228720          0.00182781          0.02180468          0.02107667          0.03888247          0.03834094
 49          962.82765531         -0.65029257          0.00219299          0.00182436          0.02090654          0.02034610          0.03728089          0.03698874
 50          982.86573146         -0.63948197          0.00210449          0.00181418          0.02006277          0.01964872          0.03577627          0.03570786
 51         1002.90380762         -0.62867083          0.00202123          0.00179848          0.01926907          0.01898254          0.03436093          0.03449235
 52         1022.94188377         -0.61787546          0.00194282          0.00177828          0.01852155          0.01834581          0.03302794          0.03333699
 53         1042.97995992         -0.60711062          0.00186888          0.00175448          0.01781670          0.01773694          0.03177104          0.03223724
 54         1063.01803607         -0.59638965          0.00179909          0.00172781          0.01715134          0.01715449          0.03058455          0.03118907
 55         1083.05611222         -0.58572459          0.00173314          0.00169891          0.01652256          0.01659715          0.02946331          0.03018894
 56         1103.09418838         -0.57512627          0.00167074          0.00166833          0.01592774          0.01606368          0.02840261          0.02923369
 57         1123.13226453         -0.56460442          0.00161166          0.00163650          0.01536447          0.01555291          0.02739817          0.02832050
 58         1143.17034068         -0.55416776          0.00155565          0.00160380          0.01483055          0.01506377          0.02644609          0.02744682
 59         1163.20841683         -0.54382409          0.00150252          0.00157054          0.01432400          0.01459520          0.02554279          0.02661036
 60         1183.24649299         -0.53358033          0.00145206          0.00153699          0.01384296          0.01414625          0.02468499          0.02580903
 61         1203.28456914         -0.52344267          0.00140410          0.00150337          0.01338575          0.01371596          0.02386969          0.02504090
 62         1223.32264529         -0.51341658          0.00135848          0.00146984          0.01295082          0.01330345          0.02309412          0.02430422
 63         1243.36072144         -0.50350688          0.00131504          0.00143656          0.01253675          0.01290789          0.02235574          0.02359734
 64         1263.39879760         -0.49371780          0.00127366          0.00140363          0.01214223          0.01252845          0.02165222          0.02291877
 65         1283.43687375         -0.48405306          0.00123420          0.00137117          0.01176604          0.01216437          0.02098140          0.02226709
 66         1303.47494990         -0.47451587          0.00119655          0.00133923          0.01140706          0.01181493          0.02034127          0.02164097
 67         1323.51302605         -0.46510900          0.00116059          0.00130789          0.01106427          0.01147942          0.01972999          0.02103919
 68         1343.55110220         -0.45583481          0.00112623          0.00127718          0.01073670          0.01115719          0.01914587          0.02046058
 69         1363.58917836         -0.44669531          0.00109337          0.00124714          0.01042347          0.01084761          0.01858730          0.01990404
 70         1383.62725451         -0.43769214          0.00106193          0.00121779          0.01012374          0.01055007          0.01805283          0.01936856
 71         1403.66533066         -0.42882665          0.00103183          0.00118916          0.00983676          0.01026402          0.01754108          0.01885314
 72         1423.70340681         -0.42009991          0.00100299          0.00116124          0.00956181          0.00998892          0.01705078          0.01835687
 73         1443.74148297         -0.41151271          0.00097534          0.00113404          0.00929823          0.00972424          0.01658076          0.01787888
 74         1463.77955912         -0.40306562          0.00094882          0.00110756          0.00904540          0.00946952          0.01612991          0.01741835
 75         1483.81763527         -0.39475898          0.00092337          0.00108180          0.00880275          0.00922428          0.01569721          0.01697448
 76         1503.85571142         -0.38659295          0.00089892          0.00105675          0.00856973          0.00898809          0.01528168          0.01654653
 77         1523.89378758         -0.37856748          0.00087544          0.00103240          0.00834584          0.00876053          0.01488244          0.01613381
 78         1543.93186373         -0.37068236          0.00085286          0.00100873          0.00813061          0.00854122          0.01449864          0.01573564
 79         1563.96993988         -0.36293724          0.00083115          0.00098574          0.00792360          0.00832978          0.01412949          0.01535139
 80         1584.00801603         -0.35533160          0.00081025          0.00096341          0.00772440          0.00812585          0.01377427          0.01498046
 81         1604.04609218         -0.34786481          0.00079013          0.00094173          0.00753261          0.00792911          0.01343228          0.01462226
 82         1624.08416834         -0.34053613          0.00077076          0.00092067          0.00734788          0.00773922          0.01310287          0.01427626
 83         1644.12224449         -0.33334467          0.00075208          0.00090022          0.00716987          0.00755590          0.01278543          0.01394194
 84         1664.16032064         -0.32628947          0.00073408          0.00088037          0.00699824          0.00737884          0.01247938          0.01361880
 85         1684.19839679         -0.31936948          0.00071672          0.00086109          0.00683271          0.00720779          0.01218420          0.01330637
 86         1704.23647295         -0.31258355          0.00069996          0.00084238          0.00667298          0.00704248          0.01189936          0.01300422
 87         1724.27454910         -0.30593045          0.00068379          0.00082421          0.00651878          0.00688267          0.01162440          0.01271191
 88         1744.31262525         -0.29940890          0.00066817          0.00080657          0.00636987          0.00672812          0.01135886          0.01242904
 89         1764.35070140         -0.29301752          0.00065308          0.00078944          0.00622600          0.00657862          0.01110232          0.01215522
 90         1784.38877756         -0.28675492          0.00063849          0.00077280          0.00608696          0.00643394          0.01085437          0.01189010
 91         1804.42685371         -0.28061961          0.00062439          0.00075664          0.00595252          0.00629390          0.01061463          0.01163331
 92         1824.46492986         -0.27461008          0.00061075          0.00074095          0.00582248          0.00615830          0.01038275          0.01138453
 93         1844.50300601         -0.26872477          0.00059755          0.00072570          0.00569666          0.00602696          0.01015839          0.01114344
 94         1864.54108216         -0.26296207          0.00058478          0.00071089          0.00557488          0.00589971          0.00994122          0.01090974
 95         1884.57915832         -0.25732036          0.00057241          0.00069650          0.00545696          0.00577639          0.00973094          0.01068313
 96         1904.61723447         -0.25179796          0.00056043          0.00068251          0.00534274          0.00565683          0.00952726          0.01046335
 97         1924.65531062         -0.24639320          0.00054882          0.00066892          0.00523207          0.00554089          0.00932991          0.01025013
 98         1944.69338677         -0.24110434          0.00053757          0.00065570          0.00512480          0.00542843          0.00913863          0.01004322
 99         1964.73146293         -0.23592967          0.00052666          0.00064286          0.00502080          0.00531932          0.00895317          0.00984238
100         1984.76953908         -0.23086743          0.00051608          0.00063036          0.00491993          0.00521341          0.00877331          0.00964739
101         2004.80761523         -0.22591585          0.00050581          0.00061821          0.00482207          0.00511060          0.00859880          0.00945802
102         2024.84569138         -0.22107317          0.00049585          0.00060639          0.00472711          0.00501077          0.00842946          0.00927406
103         2044.88376754         -0.21633761          0.00048618          0.00059489          0.00463492          0.00491380          0.00826506          0.00909532
104         2064.92184369         -0.21170736          0.00047679          0.00058371          0.00454540          0.00481958          0.00810543          0.00892161
105         2084.95991984         -0.20718066          0.00046767          0.00057282          0.00445845          0.00472802          0.00795038          0.00875274
106         2104.99799599         -0.20275569          0.00045881          0.00056222          0.00437397          0.00463902          0.00779974          0.00858854
107         2125.03607214         -0.19843068          0.00045020          0.00055190          0.00429187          0.00455248          0.00765334          0.00842884
108         2145.07414830         -0.19420384          0.00044182          0.00054185          0.00421206          0.00446832          0.00751102          0.00827349
109         2165.11222445         -0.19007339          0.00043368          0.00053206          0.00413446          0.00438645          0.00737263          0.00812232
110         2185.15030060         -0.18603754          0.00042577          0.00052253          0.00405898          0.00430678          0.00723804          0.00797520
111         2205.18837675         -0.18209454          0.00041806          0.00051324          0.00398555          0.00422925          0.00710709          0.00783199
112         2225.22645291         -0.17824263          0.00041057          0.00050419          0.00391409          0.00415378          0.00697967          0.00769254
113         2245.26452906         -0.17448005          0.00040327          0.00049537          0.00384454          0.00408029          0.00685565          0.00755674
114         2265.30260521         -0.17080509          0.00039617          0.00048677          0.00377682          0.00400872          0.00673490          0.00742445
115         2285.34068136         -0.16721600          0.00038925          0.00047839          0.00371088          0.00393900          0.00661731          0.00729556
116         2305.37875752         -0.16371110          0.00038252          0.00047022          0.00364666          0.00387107          0.00650278          0.00716996
117         2325.41683367         -0.16028869          0.00037595          0.00046224          0.00358408          0.00380487          0.00639119          0.00704753
118         2345.45490982         -0.15694709          0.00036956          0.00045447          0.00352310          0.00374034          0.00628245          0.00692818
119         2365.49298597         -0.15368466          0.00036332          0.00044688          0.00346367          0.00367743          0.00617647          0.00681179
120         2385.53106212         -0.15049974          0.00035724          0.00043948          0.00340572          0.00361608          0.00607314          0.00669828
121         2405.56913828         -0.14739073          0.00035132          0.00043225          0.00334922          0.00355624          0.00597238          0.00658755
122         2425.60721443         -0.14435602          0.00034554          0.00042520          0.00329411          0.00349787          0.00587412          0.00647952
123         2445.64529058         -0.14139404          0.00033990          0.00041831          0.00324035          0.00344091          0.00577825          0.00637409
124         2465.68336673         -0.13850322          0.00033440          0.00041159          0.00318790          0.00338533          0.00568472          0.00627119
125         2485.72144289         -0.13568203          0.00032903          0.00040503          0.00313671          0.00333107          0.00559343          0.00617074
126         2505.75951904         -0.13292895          0.00032378          0.00039861          0.00308674          0.00327810          0.00550433          0.00607265
127         2525.79759519         -0.13024249          0.00031867          0.00039235          0.00303796          0.00322638          0.00541734          0.00597687
128         2545.83567134         -0.12762118          0.00031367          0.00038622          0.00299033          0.00317586          0.00533240          0.00588331
129         2565.87374749         -0.12506356          0.00030879          0.00038024          0.00294380          0.00312651          0.00524944          0.00579190
130         2585.91182365         -0.12256821          0.00030402          0.00037439          0.00289836          0.00307830          0.00516840          0.00570259
131         2605.94989980         -0.12013372          0.00029937          0.00036868          0.00285396          0.00303119          0.00508922          0.00561532
132         2625.98797595         -0.11775873          0.00029481          0.00036309          0.00281057          0.00298515          0.00501185          0.00553001
133         2646.02605210         -0.11544185          0.00029037          0.00035762          0.00276816          0.00294014          0.00493623          0.00544661
134         2666.06412826         -0.11318177          0.00028602          0.00035228          0.00272670          0.00289614          0.00486231          0.00536507
135         2686.10220441         -0.11097718          0.00028177          0.00034705          0.00268617          0.00285311          0.00479003          0.00528533
136         2706.14028056         -0.10882677          0.00027761          0.00034193          0.00264654          0.00281103          0.00471936          0.00520734
137         2726.17835671         -0.10672930          0.00027354          0.00033693          0.00260778          0.00276987          0.00465023          0.00513105
138         2746.21643287         -0.10468351          0.00026957          0.00033203          0.00256986          0.00272960          0.00458262          0.00505641
139         2766.25450902         -0.10268819          0.00026567          0.00032724          0.00253277          0.00269020          0.00451647          0.00498337
140         2786.29258517         -0.10074214          0.00026187          0.00032255          0.00249647          0.00265164          0.00445174          0.00491188
141         2806.33066132         -0.09884419          0.00025814          0.00031795          0.00246094          0.00261390          0.00438840          0.00484192
142         2826.36873747         -0.09699319          0.00025449          0.00031345          0.00242617          0.00257696          0.00432639          0.00477342
143         2846.40681363         -0.09518801          0.00025092          0.00030905          0.00239213          0.00254079          0.00426569          0.00470635
144         2866.44488978         -0.09342755          0.00024743          0.00030473          0.00235881          0.00250537          0.00420626          0.00464068
145         2886.48296593         -0.09171072          0.00024400          0.00030051          0.00232617          0.00247069          0.00414806          0.00457636
146         2906.52104208         -0.09003647          0.00024065          0.00029637          0.00229421          0.00243672          0.00409107          0.00451336
147         2926.55911824         -0.08840376          0.00023737          0.00029231          0.00226290          0.00240343          0.00403523          0.00445163
148         2946.59719439         -0.08681156          0.00023415          0.00028833          0.00223222          0.00237083          0.00398054          0.00439116
149         2966.63527054         -0.08525888          0.00023100          0.00028444          0.00220217          0.00233888          0.00392695          0.00433189
150         2986.67334669         -0.08374475          0.00022791          0.00028062          0.00217272          0.00230756          0.00387443          0.00427381
151         3006.71142285         -0.08226821          0.00022488          0.00027687          0.00214386          0.00227687          0.00382296          0.00421688
152         3026.74949900         -0.08082832          0.00022191          0.00027320          0.00211556          0.00224679          0.00377251          0.00416107
153         3046.78757515         -0.07942419          0.00021900          0.00026960          0.00208783          0.00221729          0.00372305          0.00410635
154         3066.82565130         -0.07805490          0.00021615          0.00026607          0.00206064          0.00218837          0.00367456          0.00405270
155         3086.86372745         -0.07671960          0.00021335          0.00026261          0.00203397          0.00216001          0.00362701          0.00400007
156         3106.90180361         -0.07541741          0.00021061          0.00025921          0.00200782          0.00213219          0.00358037          0.00394846
157         3126.93987976         -0.07414752          0.00020792          0.00025588          0.00198217          0.00210490          0.00353463          0.00389783
158         3146.97795591         -0.07290909          0.00020528          0.00025261          0.00195700          0.00207813          0.00348976          0.00384817
159         3167.01603206         -0.07170135          0.00020269          0.00024940          0.00193232          0.00205187          0.00344574          0.00379943
160         3187.05410822         -0.07052349          0.00020015          0.00024625          0.00190810          0.00202610          0.00340255          0.00375161
161         3207.09218437         -0.06937477          0.00019766          0.00024316          0.00188433          0.00200081          0.00336016          0.00370468
162         3227.13026052         -0.06825444          0.00019521          0.00024012          0.00186100          0.00197598          0.00331857          0.00365861
163         3247.16833667         -0.06716177          0.00019281          0.00023714          0.00183810          0.00195162          0.00327773          0.00361339
164         3267.20641283         -0.06609605          0.00019045          0.00023422          0.00181562          0.00192769          0.00323765          0.00356899
165         3287.24448898         -0.06505659          0.00018814          0.00023134          0.00179356          0.00190421          0.00319830          0.00352541
166         3307.28256513         -0.06404271          0.00018586          0.00022852          0.00177189          0.00188114          0.00315966          0.00348260
167         3327.32064128         -0.06305376          0.00018363          0.00022575          0.00175061          0.00185850          0.00312172          0.00344057
168         3347.35871743         -0.06208908          0.00018144          0.00022303          0.00172972          0.00183625          0.00308446          0.00339928
169         3367.39679359         -0.06114804          0.00017929          0.00022036          0.00170919          0.00181440          0.00304786          0.00335873
170         3387.43486974         -0.06023004          0.00017717          0.00021773          0.00168903          0.00179294          0.00301191          0.00331889
171         3407.47294589         -0.05933447          0.00017509          0.00021515          0.00166922          0.00177185          0.00297659          0.00327975
172         3427.51102204         -0.05846075          0.00017305          0.00021261          0.00164976          0.00175113          0.00294188          0.00324129
173         3447.54909820         -0.05760830          0.00017105          0.00021012          0.00163064          0.00173077          0.00290779          0.00320349
174         3467.58717435         -0.05677657          0.00016908          0.00020767          0.00161185          0.00171076          0.00287428          0.00316635
175         3487.62525050         -0.05596502          0.00016714          0.00020526          0.00159338          0.00169110          0.00284134          0.00312984
176         3507.66332665         -0.05517311          0.00016523          0.00020289          0.00157523          0.00167177          0.00280897          0.00309395
177         3527.70140281         -0.05440033          0.00016336          0.00020057          0.00155738          0.00165276          0.00277715          0.00305868
178         3547.73947896         -0.05364618          0.00016152          0.00019828          0.00153984          0.00163408          0.00274587          0.00302399
179         3567.77755511         -0.05291016          0.00015971          0.00019603          0.00152259          0.00161571          0.00271511          0.00298989
180         3587.81563126         -0.05219179          0.00015793          0.00019381          0.00150563          0.00159765          0.00268487          0.00295635
181         3607.85370741         -0.05149062          0.00015618          0.00019164          0.00148895          0.00157988          0.00265513          0.00292337
182         3627.89178357         -0.05080617          0.00015446          0.00018949          0.00147255          0.00156241          0.00262588          0.00289094
183         3647.92985972         -0.05013801          0.00015277          0.00018739          0.00145642          0.00154522          0.00259711          0.00285903
184         3667.96793587         -0.04948570          0.00015111          0.00018532          0.00144055          0.00152832          0.00256881          0.00282765
185         3688.00601202         -0.04884883          0.00014947          0.00018328          0.00142494          0.00151169          0.00254097          0.00279677
186         3708.04408818         -0.04822697          0.00014786          0.00018127          0.00140958          0.00149533          0.00251359          0.00276639
187         3728.08216433         -0.04761974          0.00014627          0.00017930          0.00139447          0.00147923          0.00248664          0.00273650
188         3748.12024048         -0.04702674          0.00014471          0.00017735          0.00137960          0.00146339          0.00246012          0.00270709
189         3768.15831663         -0.04644759          0.00014318          0.00017544          0.00136496          0.00144779          0.00243403          0.00267814
190         3788.19639279         -0.04588191          0.00014167          0.00017356          0.00135056          0.00143245          0.00240834          0.00264965
191         3808.23446894         -0.04532935          0.00014018          0.00017171          0.00133639          0.00141735          0.00238307          0.00262161
192         3828.27254509         -0.04478956          0.00013872          0.00016988          0.00132243          0.00140248          0.00235818          0.00259401
193         3848.31062124         -0.04426219          0.00013728          0.00016809          0.00130870          0.00138784          0.00233369          0.00256683
194         3868.34869739         -0.04374690          0.00013586          0.00016632          0.00129517          0.00137343          0.00230958          0.00254008
195         3888.38677355         -0.04324338          0.00013446          0.00016458          0.00128186          0.00135925          0.00228583          0.00251374
196         3908.42484970         -0.04275130          0.00013309          0.00016287          0.00126875          0.00134528          0.00226245          0.00248780
197         3928.46292585         -0.04227036          0.00013173          0.00016118          0.00125584          0.00133152          0.00223943          0.00246226
198         3948.50100200         -0.04180026          0.00013040          0.00015952          0.00124312          0.00131797          0.00221676          0.00243710
199         3968.53907816         -0.04134070          0.00012908          0.00015788          0.00123060          0.00130463          0.00219443          0.00241233
200         3988.57715431         -0.04089139          0.00012779          0.00015627          0.00121827          0.00129149          0.00217244          0.00238793
201         4008.61523046         -0.04045207          0.00012652          0.00015468          0.00120612          0.00127854          0.00215077          0.00236389
202         4028.65330661         -0.04002245          0.00012526          0.00015311          0.00119415          0.00126578          0.00212943          0.00234021
203         4048.69138277         -0.03960228          0.00012402          0.00015157          0.00118236          0.00125322          0.00210841          0.00231688
204         4068.72945892         -0.03919130          0.00012281          0.00015005          0.00117074          0.00124084          0.00208769          0.00229390
205         4088.76753507         -0.03878926          0.00012160          0.00014855          0.00115930          0.00122864          0.00206728          0.00227125
206         4108.80561122         -0.03839592          0.00012042          0.00014708          0.00114802          0.00121662          0.00204716          0.00224893
207         4128.84368737         -0.03801104          0.00011926          0.00014563          0.00113690          0.00120477          0.00202734          0.00222694
208         4148.88176353         -0.03763438          0.00011811          0.00014419          0.00112594          0.00119310          0.00200780          0.00220527
209         4168.91983968         -0.03726573          0.00011697          0.00014278          0.00111515          0.00118159          0.00198855          0.00218391
210         4188.95791583         -0.03690487          0.00011586          0.00014139          0.00110450          0.00117025          0.00196957          0.00216285
211         4208.99599198         -0.03655158          0.00011476          0.00014002          0.00109401          0.00115907          0.00195086          0.00214210
212         4229.03406814         -0.03620566          0.00011367          0.00013866          0.00108367          0.00114805          0.00193242          0.00212164
213         4249.07214429         -0.03586690          0.00011260          0.00013733          0.00107347          0.00113718          0.00191423          0.00210147
214         4269.11022044         -0.03553512          0.00011155          0.00013602          0.00106342          0.00112647          0.00189631          0.00208158
215         4289.14829659         -0.03521011          0.00011051          0.00013472          0.00105351          0.00111591          0.00187863          0.00206197
216         4309.18637275         -0.03489170          0.00010948          0.00013344          0.00104373          0.00110549          0.00186120          0.00204264
217         4329.22444890         -0.03457970          0.00010847          0.00013218          0.00103409          0.00109522          0.00184401          0.00202358
218         4349.26252505         -0.03427393          0.00010747          0.00013094          0.00102459          0.00108509          0.00182706          0.00200477
219         4369.30060120         -0.03397424          0.00010649          0.00012972          0.00101521          0.00107510          0.00181034          0.00198623
220         4389.33867735         -0.03368044          0.00010552          0.00012851          0.00100596          0.00106525          0.00179385          0.00196794
221         4409.37675351         -0.03339238          0.00010456          0.00012731          0.00099684          0.00105553          0.00177758          0.00194991
222         4429.41482966         -0.03310990          0.00010362          0.00012614          0.00098784          0.00104594          0.00176153          0.00193211
223         4449.45290581         -0.03283284          0.00010269          0.00012498          0.00097896          0.00103648          0.00174570          0.00191456
224         4469.49098196         -0.03256107          0.00010177          0.00012384          0.00097020          0.00102715          0.00173008          0.00189725
225         4489.52905812         -0.03229442          0.00010086          0.00012271          0.00096156          0.00101795          0.00171468          0.00188016
226         4509.56713427         -0.03203277          0.00009997          0.00012159          0.00095304          0.00100886          0.00169947          0.00186331
227         4529.60521042         -0.03177596          0.00009909          0.00012049          0.00094462          0.00099990          0.00168447          0.00184668
228         4549.64328657         -0.03152388          0.00009822          0.00011941          0.00093632          0.00099106          0.00166966          0.00183027
229         4569.68136273         -0.03127639          0.00009736          0.00011834          0.00092813          0.00098233          0.00165505          0.00181408
230         4589.71943888         -0.03103336          0.00009651          0.00011729          0.00092004          0.00097372          0.00164063          0.00179810
231         4609.75751503         -0.03079467          0.00009567          0.00011624          0.00091206          0.00096522          0.00162640          0.00178232
232         4629.79559118         -0.03056021          0.00009484          0.00011522          0.00090418          0.00095683          0.00161235          0.00176676
233         4649.83366733         -0.03032985          0.00009403          0.00011420          0.00089641          0.00094854          0.00159849          0.00175140
234         4669.87174349         -0.03010347          0.00009322          0.00011320          0.00088873          0.00094037          0.00158480          0.00173623
235         4689.90981964         -0.02988098          0.00009243          0.00011221          0.00088115          0.00093230          0.00157128          0.00172126
236         4709.94789579         -0.02966227          0.00009164          0.00011124          0.00087367          0.00092433          0.00155794          0.00170648
237         4729.98597194         -0.02944722          0.00009087          0.00011027          0.00086628          0.00091647          0.00154477          0.00169190
238         4750.02404810         -0.02923575          0.00009010          0.00010932          0.00085899          0.00090870          0.00153176          0.00167749
239         4770.06212425         -0.02902774          0.00008935          0.00010838          0.00085179          0.00090103          0.00151892          0.00166327
240         4790.10020040         -0.02882311          0.00008860          0.00010746          0.00084468          0.00089346          0.00150624          0.00164923
241         4810.13827655         -0.02862176          0.00008787          0.00010654          0.00083765          0.00088599          0.00149372          0.00163537
242         4830.17635271         -0.02842361          0.00008714          0.00010564          0.00083072          0.00087860          0.00148135          0.00162168
243         4850.21442886         -0.02822855          0.00008642          0.00010475          0.00082387          0.00087131          0.00146913          0.00160816
244         4870.25250501         -0.02803652          0.00008571          0.00010387          0.00081710          0.00086411          0.00145707          0.00159480
245         4890.29058116         -0.02784742          0.00008501          0.00010300          0.00081042          0.00085700          0.00144515          0.00158162
246         4910.32865731         -0.02766117          0.00008432          0.00010214          0.00080382          0.00084997          0.00143338          0.00156859
247         4930.36673347         -0.02747771          0.00008363          0.00010129          0.00079730          0.00084304          0.00142176          0.00155573
248         4950.40480962         -0.02729694          0.00008296          0.00010045          0.00079086          0.00083618          0.00141027          0.00154302
249         4970.44288577         -0.02711880          0.00008229          0.00009962          0.00078449          0.00082941          0.00139892          0.00153047
250         4990.48096192         -0.02694321          0.00008163          0.00009881          0.00077821          0.00082272          0.00138771          0.00151807
251         5010.51903808         -0.02677010          0.00008098          0.00009800          0.00077199          0.00081611          0.00137663          0.00150582
252         5030.55711423         -0.02659941          0.00008033          0.00009720          0.00076586          0.00080958          0.00136569          0.00149372
253         5050.59519038         -0.02643107          0.00007970          0.00009641          0.00075979          0.00080313          0.00135487          0.00148176
254         5070.63326653         -0.02626502          0.00007907          0.00009564          0.00075380          0.00079675          0.00134418          0.00146995
255         5090.67134269         -0.02610118          0.00007845          0.00009487          0.00074788          0.00079046          0.00133362          0.00145827
256         5110.70941884         -0.02593952          0.00007783          0.00009411          0.00074202          0.00078423          0.00132319          0.00144674
257         5130.74749499         -0.02577995          0.00007723          0.00009336          0.00073624          0.00077808          0.00131287          0.00143534
258         5150.78557114         -0.02562243          0.00007663          0.00009261          0.00073052          0.00077200          0.00130268          0.00142407
259         5170.82364729         -0.02546690          0.00007604          0.00009188          0.00072487          0.00076599          0.00129260          0.00141294
260         5190.86172345         -0.02531331          0.00007545          0.00009116          0.00071928          0.00076005          0.00128264          0.00140194
261         5210.89979960         -0.02516160          0.00007487          0.00009044          0.00071376          0.00075418          0.00127279          0.00139107
262         5230.93787575         -0.02501173          0.00007430          0.00008973          0.00070830          0.00074838          0.00126306          0.00138032
263         5250.97595190         -0.02486364          0.00007373          0.00008904          0.00070291          0.00074264          0.00125344          0.00136969
264         5271.01402806         -0.02471728          0.00007317          0.00008834          0.00069758          0.00073697          0.00124393          0.00135919
265         5291.05210421         -0.02457262          0.00007262          0.00008766          0.00069230          0.00073137          0.00123452          0.00134881
266         5311.09018036         -0.02442959          0.00007207          0.00008699          0.00068709          0.00072583          0.00122523          0.00133855
267         5331.12825651         -0.02428817          0.00007153          0.00008632          0.00068193          0.00072035          0.00121603          0.00132840
268         5351.16633267         -0.02414831          0.00007100          0.00008566          0.00067683          0.00071493          0.00120694          0.00131837
269         5371.20440882         -0.02400996          0.00007047          0.00008501          0.00067179          0.00070958          0.00119795          0.00130846
270         5391.24248497         -0.02387308          0.00006995          0.00008436          0.00066681          0.00070428          0.00118907          0.00129865
271         5411.28056112         -0.02373765          0.00006943          0.00008373          0.00066188          0.00069904          0.00118028          0.00128896
272         5431.31863727         -0.02360361          0.00006892          0.00008310          0.00065701          0.00069387          0.00117158          0.00127937
273         5451.35671343         -0.02347093          0.00006841          0.00008247          0.00065218          0.00068874          0.00116299          0.00126989
274         5471.39478958         -0.02333958          0.00006791          0.00008186          0.00064742          0.00068368          0.00115448          0.00126051
275         5491.43286573         -0.02320953          0.00006742          0.00008125          0.00064270          0.00067867          0.00114607          0.00125124
276         5511.47094188         -0.02308073          0.00006693          0.00008065          0.00063803          0.00067372          0.00113775          0.00124207
277         5531.50901804         -0.02295315          0.00006644          0.00008005          0.00063342          0.00066882          0.00112953          0.00123301
278         5551.54709419         -0.02282677          0.00006596          0.00007946          0.00062886          0.00066397          0.00112139          0.00122404
279         5571.58517034         -0.02270155          0.00006549          0.00007888          0.00062434          0.00065918          0.00111334          0.00121517
280         5591.62324649         -0.02257747          0.00006502          0.00007830          0.00061987          0.00065444          0.00110537          0.00120639
281         5611.66132265         -0.02245448          0.00006456          0.00007774          0.00061546          0.00064975          0.00109749          0.00119771
282         5631.69939880         -0.02233258          0.00006410          0.00007717          0.00061108          0.00064511          0.00108969          0.00118913
283         5651.73747495         -0.02221172          0.00006365          0.00007661          0.00060676          0.00064052          0.00108198          0.00118063
284         5671.77555110         -0.02209189          0.00006320          0.00007606          0.00060248          0.00063597          0.00107435          0.00117223
285         5691.81362725         -0.02197305          0.00006275          0.00007552          0.00059824          0.00063148          0.00106680          0.00116392
286         5711.85170341         -0.02185519          0.00006231          0.00007498          0.00059405          0.00062703          0.00105933          0.00115569
287         5731.88977956         -0.02173828          0.00006188          0.00007445          0.00058991          0.00062263          0.00105193          0.00114756
288         5751.92785571         -0.02162229          0.00006145          0.00007392          0.00058580          0.00061828          0.00104462          0.00113950
289         5771.96593186         -0.02150720          0.00006102          0.00007340          0.00058174          0.00061397          0.00103738          0.00113154
290         5792.00400802         -0.02139299          0.00006060          0.00007288          0.00057773          0.00060971          0.00103021          0.00112366
291         5812.04208417         -0.02127964          0.00006018          0.00007237          0.00057375          0.00060549          0.00102312          0.00111586
292         5832.08016032         -0.02116714          0.00005977          0.00007186          0.00056981          0.00060132          0.00101610          0.00110814
293         5852.11823647         -0.02105545          0.00005936          0.00007136          0.00056592          0.00059719          0.00100915          0.00110050
294         5872.15631263         -0.02094456          0.00005896          0.00007087          0.00056206          0.00059310          0.00100228          0.00109294
295         5892.19438878         -0.02083445          0.00005856          0.00007038          0.00055825          0.00058905          0.00099547          0.00108546
296         5912.23246493         -0.02072510          0.00005816          0.00006989          0.00055447          0.00058505          0.00098874          0.00107805
297         5932.27054108         -0.02061650          0.00005777          0.00006941          0.00055073          0.00058109          0.00098207          0.00107073
298         5952.30861723         -0.02050863          0.00005738          0.00006894          0.00054703          0.00057716          0.00097547          0.00106347
299         5972.34669339         -0.02040147          0.00005700          0.00006847          0.00054336          0.00057328          0.00096893          0.00105629
300         5992.38476954         -0.02029500          0.00005662          0.00006801          0.00053973          0.00056943          0.00096246          0.00104919
301         6012.42284569         -0.02018922          0.00005624          0.00006755          0.00053614          0.00056563          0.00095606          0.00104215
302         6032.46092184         -0.02008410          0.00005587          0.00006709          0.00053259          0.00056186          0.00094972          0.00103519
303         6052.49899800         -0.01997964          0.00005550          0.00006664          0.00052907          0.00055813          0.00094344          0.00102829
304         6072.53707415         -0.01987581          0.00005513          0.00006619          0.00052558          0.00055443          0.00093722          0.00102147
305         6092.57515030         -0.01977260          0.00005477          0.00006575          0.00052213          0.00055078          0.00093107          0.00101471
306         6112.61322645         -0.01967000          0.00005441          0.00006531          0.00051871          0.00054716          0.00092497          0.00100802
307         6132.65130261         -0.01956801          0.00005406          0.00006488          0.00051533          0.00054357          0.00091894          0.00100140
308         6152.68937876         -0.01946659          0.00005370          0.00006445          0.00051198          0.00054002          0.00091296          0.00099484
309         6172.72745491         -0.01936576          0.00005336          0.00006403          0.00050866          0.00053651          0.00090705          0.00098835
310         6192.76553106         -0.01926548          0.00005301          0.00006361          0.00050537          0.00053303          0.00090119          0.00098192
311         6212.80360721         -0.01916575          0.00005267          0.00006319          0.00050212          0.00052958          0.00089538          0.00097556
312         6232.84168337         -0.01906657          0.00005233          0.00006278          0.00049889          0.00052617          0.00088963          0.00096925
313         6252.87975952         -0.01896791          0.00005200          0.00006237          0.00049570          0.00052279          0.00088394          0.00096301
314         6272.91783567         -0.01886978          0.00005166          0.00006197          0.00049254          0.00051944          0.00087830          0.00095683
315         6292.95591182         -0.01877215          0.00005134          0.00006157          0.00048941          0.00051613          0.00087272          0.00095071
316         6312.99398798         -0.01867503          0.00005101          0.00006118          0.00048630          0.00051284          0.00086719          0.00094464
317         6333.03206413         -0.01857840          0.00005069          0.00006078          0.00048323          0.00050959          0.00086171          0.00093864
318         6353.07014028         -0.01848225          0.00005037          0.00006040          0.00048019          0.00050637          0.00085628          0.00093269
319         6373.10821643         -0.01838658          0.00005005          0.00006001          0.00047717          0.00050318          0.00085090          0.00092680
320         6393.14629259         -0.01829137          0.00004974          0.00005963          0.00047419          0.00050002          0.00084558          0.00092097
321         6413.18436874         -0.01819662          0.00004943          0.00005926          0.00047123          0.00049689          0.00084030          0.00091519
322         6433.22244489         -0.01810232          0.00004912          0.00005888          0.00046830          0.00049379          0.00083508          0.00090946
323         6453.26052104         -0.01800847          0.00004882          0.00005851          0.00046539          0.00049072          0.00082990          0.00090379
324         6473.29859719         -0.01791505          0.00004852          0.00005815          0.00046252          0.00048767          0.00082477          0.00089817
325         6493.33667335         -0.01782206          0.00004822          0.00005778          0.00045967          0.00048466          0.00081969          0.00089261
326         6513.37474950         -0.01772950          0.00004792          0.00005743          0.00045684          0.00048167          0.00081465          0.00088710
327         6533.41282565         -0.01763735          0.00004763          0.00005707          0.00045405          0.00047871          0.00080966          0.00088164
328         6553.45090180         -0.01754561          0.00004734          0.00005672          0.00045127          0.00047578          0.00080472          0.00087623
329         6573.48897796         -0.01745427          0.00004705          0.00005637          0.00044853          0.00047288          0.00079982          0.00087087
330         6593.52705411         -0.01736334          0.00004676          0.00005602          0.00044580          0.00047000          0.00079496          0.00086556
331         6613.56513026         -0.01727280          0.00004648          0.00005568          0.00044311          0.00046715          0.00079015          0.00086029
332         6633.60320641         -0.01718264          0.00004620          0.00005534          0.00044043          0.00046432          0.00078539          0.00085508
333         6653.64128257         -0.01709287          0.00004592          0.00005500          0.00043778          0.00046152          0.00078066          0.00084991
334         6673.67935872         -0.01700348          0.00004565          0.00005467          0.00043516          0.00045875          0.00077598          0.00084479
335         6693.71743487         -0.01691446          0.00004537          0.00005434          0.00043256          0.00045600          0.00077134          0.00083972
336         6713.75551102         -0.01682581          0.00004510          0.00005401          0.00042998          0.00045327          0.00076675          0.00083470
337         6733.79358717         -0.01673752          0.00004483          0.00005369          0.00042742          0.00045057          0.00076219          0.00082972
338         6753.83166333         -0.01664959          0.00004457          0.00005337          0.00042489          0.00044790          0.00075767          0.00082478
339         6773.86973948         -0.01656202          0.00004431          0.00005305          0.00042238          0.00044524          0.00075320          0.00081989
340         6793.90781563         -0.01647480          0.00004404          0.00005274          0.00041989          0.00044262          0.00074876          0.00081504
341         6813.94589178         -0.01638793          0.00004379          0.00005242          0.00041743          0.00044001          0.00074437          0.00081024
342         6833.98396794         -0.01630140          0.00004353          0.00005211          0.00041498          0.00043743          0.00074001          0.00080547
343         6854.02204409         -0.01621521          0.00004328          0.00005181          0.00041256          0.00043487          0.00073569          0.00080075
344         6874.06012024         -0.01612936          0.00004302          0.00005150          0.00041016          0.00043233          0.00073140          0.00079608
345         6894.09819639         -0.01604385          0.00004277          0.00005120          0.00040778          0.00042982          0.00072716          0.00079144
346         6914.13627255         -0.01595866          0.00004253          0.00005090          0.00040542          0.00042732          0.00072295          0.00078684
347         6934.17434870         -0.01587380          0.00004228          0.00005061          0.00040308          0.00042485          0.00071878          0.00078229
348         6954.21242485         -0.01578927          0.00004204          0.00005032          0.00040076          0.00042240          0.00071464          0.00077777
349         6974.25050100         -0.01570506          0.00004180          0.00005002          0.00039846          0.00041998          0.00071054          0.00077330
350         6994.28857715         -0.01562117          0.00004156          0.00004974          0.00039618          0.00041757          0.00070647          0.00076886
351         7014.32665331         -0.01553760          0.00004132          0.00004945          0.00039392          0.00041518          0.00070244          0.00076446
352         7034.36472946         -0.01545434          0.00004109          0.00004917          0.00039168          0.00041282          0.00069845          0.00076010
353         7054.40280561         -0.01537139          0.00004085          0.00004889          0.00038946          0.00041047          0.00069449          0.00075578
354         7074.44088176         -0.01528875          0.00004062          0.00004861          0.00038725          0.00040815          0.00069056          0.00075149
355         7094.47895792         -0.01520642          0.00004039          0.00004833          0.00038507          0.00040584          0.00068666          0.00074724
356         7114.51703407         -0.01512440          0.00004016          0.00004806          0.00038290          0.00040356          0.00068280          0.00074303
357         7134.55511022         -0.01504268          0.00003994          0.00004779          0.00038075          0.00040129          0.00067897          0.00073885
358         7154.59318637         -0.01496126          0.00003972          0.00004752          0.00037863          0.00039904          0.00067517          0.00073471
359         7174.63126253         -0.01488014          0.00003949          0.00004726          0.00037651          0.00039681          0.00067140          0.00073061
360         7194.66933868         -0.01479932          0.00003927          0.00004699          0.00037442          0.00039460          0.00066767          0.00072654
361         7214.70741483         -0.01471880          0.00003906          0.00004673          0.00037234          0.00039241          0.00066397          0.00072250
362         7234.74549098         -0.01463857          0.00003884          0.00004647          0.00037028          0.00039024          0.00066029          0.00071850
363         7254.78356713         -0.01455863          0.00003863          0.00004621          0.00036824          0.00038808          0.00065665          0.00071453
364         7274.82164329         -0.01447899          0.00003841          0.00004596          0.00036621          0.00038595          0.00065304          0.00071059
365         7294.85971944         -0.01439963          0.00003820          0.00004571          0.00036420          0.00038383          0.00064946          0.00070669
366         7314.89779559         -0.01432057          0.00003799          0.00004546          0.00036221          0.00038173          0.00064590          0.00070281
367         7334.93587174         -0.01424179          0.00003779          0.00004521          0.00036024          0.00037964          0.00064238          0.00069898
368         7354.97394790         -0.01416330          0.00003758          0.00004496          0.00035828          0.00037758          0.00063888          0.00069517
369         7375.01202405         -0.01408509          0.00003738          0.00004472          0.00035633          0.00037553          0.00063542          0.00069139
370         7395.05010020         -0.01400717          0.00003718          0.00004447          0.00035440          0.00037349          0.00063198          0.00068765
371         7415.08817635         -0.01392953          0.00003697          0.00004423          0.00035249          0.00037148          0.00062857          0.00068393
372         7435.12625251         -0.01385217          0.00003678          0.00004399          0.00035059          0.00036948          0.00062518          0.00068025
373         7455.16432866         -0.01377509          0.00003658          0.00004376          0.00034871          0.00036749          0.00062183          0.00067660
374         7475.20240481         -0.01369830          0.00003638          0.00004352          0.00034684          0.00036552          0.00061850          0.00067297
375         7495.24048096         -0.01362178          0.00003619          0.00004329          0.00034499          0.00036357          0.00061519          0.00066938
376         7515.27855711         -0.01354554          0.00003600          0.00004306          0.00034315          0.00036164          0.00061192          0.00066581
377         7535.31663327         -0.01346957          0.00003580          0.00004283          0.00034133          0.00035971          0.00060867          0.00066228
378         7555.35470942         -0.01339389          0.00003561          0.00004260          0.00033952          0.00035781          0.00060544          0.00065877
379         7575.39278557         -0.01331847          0.00003543          0.00004238          0.00033773          0.00035592          0.00060224          0.00065529
380         7595.43086172         -0.01324334          0.00003524          0.00004216          0.00033595          0.00035404          0.00059907          0.00065184
381         7615.46893788         -0.01316848          0.00003505          0.00004194          0.00033418          0.00035218          0.00059592          0.00064841
382         7635.50701403         -0.01309389          0.00003487          0.00004172          0.00033243          0.00035034          0.00059280          0.00064502
383         7655.54509018         -0.01301957          0.00003469          0.00004150          0.00033069          0.00034851          0.00058970          0.00064165
384         7675.58316633         -0.01294553          0.00003451          0.00004128          0.00032897          0.00034669          0.00058663          0.00063830
385         7695.62124249         -0.01287176          0.00003433          0.00004107          0.00032726          0.00034489          0.00058357          0.00063499
386         7715.65931864         -0.01279826          0.00003415          0.00004086          0.00032556          0.00034310          0.00058055          0.00063170
387         7735.69739479         -0.01272503          0.00003397          0.00004064          0.00032388          0.00034133          0.00057754          0.00062843
388         7755.73547094         -0.01265207          0.00003380          0.00004044          0.00032221          0.00033957          0.00057456          0.00062519
389         7775.77354709         -0.01257938          0.00003362          0.00004023          0.00032055          0.00033782          0.00057161          0.00062198
390         7795.81162325         -0.01250696          0.00003345          0.00004002          0.00031890          0.00033609          0.00056867          0.00061879
391         7815.84969940         -0.01243480          0.00003328          0.00003982          0.00031727          0.00033437          0.00056576          0.00061563
392         7835.88777555         -0.01236292          0.00003311          0.00003962          0.00031565          0.00033266          0.00056287          0.00061249
393         7855.92585170         -0.01229130          0.00003294          0.00003941          0.00031404          0.00033097          0.00056000          0.00060937
394         7875.96392786         -0.01221996          0.00003277          0.00003921          0.00031244          0.00032929          0.00055715          0.00060628
395         7896.00200401         -0.01214887          0.00003261          0.00003902          0.00031086          0.00032762          0.00055433          0.00060321
396         7916.04008016         -0.01207806          0.00003244          0.00003882          0.00030929          0.00032597          0.00055153          0.00060017
397         7936.07815631         -0.01200751          0.00003228          0.00003863          0.00030773          0.00032432          0.00054875          0.00059715
398         7956.11623246         -0.01193723          0.00003212          0.00003843          0.00030618          0.00032270          0.00054599          0.00059415
399         7976.15430862         -0.01186721          0.00003196          0.00003824          0.00030464          0.00032108          0.00054325          0.00059118
400         7996.19238477         -0.01179746          0.00003180          0.00003805          0.00030312          0.00031947          0.00054053          0.00058823
401         8016.23046092         -0.01172798          0.00003164          0.00003786          0.00030161          0.00031788          0.00053783          0.00058530
402         8036.26853707         -0.01165876          0.00003148          0.00003767          0.00030010          0.00031630          0.00053515          0.00058239
403         8056.30661323         -0.01158980          0.00003132          0.00003749          0.00029861          0.00031473          0.00053249          0.00057951
404         8076.34468938         -0.01152111          0.00003117          0.00003730          0.00029713          0.00031317          0.00052985          0.00057664
405         8096.38276553         -0.01145268          0.00003101          0.00003712          0.00029566          0.00031163          0.00052723          0.00057380
406         8116.42084168         -0.01138452          0.00003086          0.00003694          0.00029421          0.00031010          0.00052463          0.00057098
407         8136.45891784         -0.01131662          0.00003071          0.00003676          0.00029276          0.00030857          0.00052205          0.00056818
408         8156.49699399         -0.01124898          0.00003056          0.00003658          0.00029132          0.00030706          0.00051949          0.00056540
409         8176.53507014         -0.01118161          0.00003041          0.00003640          0.00028989          0.00030556          0.00051695          0.00056264
410         8196.57314629         -0.01111450          0.00003026          0.00003623          0.00028848          0.00030407          0.00051442          0.00055991
411         8216.61122244         -0.01104765          0.00003011          0.00003605          0.00028707          0.00030260          0.00051192          0.00055719
412         8236.64929860         -0.01098106          0.00002997          0.00003588          0.00028568          0.00030113          0.00050943          0.00055449
413         8256.68737475         -0.01091474          0.00002982          0.00003570          0.00028429          0.00029967          0.00050696          0.00055182
414         8276.72545090         -0.01084867          0.00002968          0.00003553          0.00028292          0.00029823          0.00050451          0.00054916
415         8296.76352705         -0.01078287          0.00002953          0.00003536          0.00028155          0.00029679          0.00050207          0.00054652
416         8316.80160321         -0.01071734          0.00002939          0.00003520          0.00028020          0.00029537          0.00049966          0.00054390
417         8336.83967936         -0.01065206          0.00002925          0.00003503          0.00027885          0.00029395          0.00049726          0.00054130
418         8356.87775551         -0.01058704          0.00002911          0.00003486          0.00027752          0.00029255          0.00049487          0.00053872
419         8376.91583166         -0.01052229          0.00002897          0.00003470          0.00027619          0.00029115          0.00049251          0.00053616
420         8396.95390782         -0.01045779          0.00002883          0.00003453          0.00027488          0.00028977          0.00049016          0.00053362
421         8416.99198397         -0.01039356          0.00002870          0.00003437          0.00027357          0.00028840          0.00048783          0.00053109
422         8437.03006012         -0.01032959          0.00002856          0.00003421          0.00027227          0.00028703          0.00048552          0.00052859
423         8457.06813627         -0.01026587          0.00002842          0.00003405          0.00027098          0.00028568          0.00048322          0.00052610
424         8477.10621242         -0.01020242          0.00002829          0.00003389          0.00026970          0.00028433          0.00048094          0.00052363
425         8497.14428858         -0.01013922          0.00002816          0.00003373          0.00026843          0.00028300          0.00047867          0.00052117
426         8517.18236473         -0.01007629          0.00002802          0.00003358          0.00026717          0.00028167          0.00047642          0.00051874
427         8537.22044088         -0.01001361          0.00002789          0.00003342          0.00026592          0.00028036          0.00047419          0.00051632
428         8557.25851703         -0.00995120          0.00002776          0.00003327          0.00026467          0.00027905          0.00047197          0.00051392
429         8577.29659319         -0.00988904          0.00002763          0.00003311          0.00026344          0.00027775          0.00046977          0.00051154
430         8597.33466934         -0.00982714          0.00002750          0.00003296          0.00026221          0.00027647          0.00046758          0.00050917
431         8617.37274549         -0.00976550          0.00002738          0.00003281          0.00026099          0.00027519          0.00046541          0.00050682
432         8637.41082164         -0.00970412          0.00002725          0.00003266          0.00025978          0.00027392          0.00046325          0.00050449
433         8657.44889780         -0.00964299          0.00002712          0.00003251          0.00025858          0.00027265          0.00046111          0.00050217
434         8677.48697395         -0.00958212          0.00002700          0.00003237          0.00025739          0.00027140          0.00045898          0.00049987
435         8697.52505010         -0.00952152          0.00002687          0.00003222          0.00025621          0.00027016          0.00045687          0.00049758
436         8717.56312625         -0.00946116          0.00002675          0.00003207          0.00025503          0.00026892          0.00045477          0.00049532
437         8737.60120240         -0.00940107          0.00002663          0.00003193          0.00025386          0.00026770          0.00045269          0.00049306
438         8757.63927856         -0.00934123          0.00002651          0.00003179          0.00025270          0.00026648          0.00045062          0.00049083
439         8777.67735471         -0.00928165          0.00002639          0.00003164          0.00025155          0.00026527          0.00044856          0.00048860
440         8797.71543086         -0.00922232          0.00002627          0.00003150          0.00025040          0.00026407          0.00044652          0.00048640
441         8817.75350701         -0.00916325          0.00002615          0.00003136          0.00024927          0.00026287          0.00044450          0.00048421
442         8837.79158317         -0.00910443          0.00002603          0.00003122          0.00024814          0.00026169          0.00044248          0.00048203
443         8857.82965932         -0.00904588          0.00002591          0.00003108          0.00024702          0.00026051          0.00044048          0.00047987
444         8877.86773547         -0.00898757          0.00002579          0.00003094          0.00024590          0.00025934          0.00043850          0.00047772
445         8897.90581162         -0.00892952          0.00002568          0.00003081          0.00024480          0.00025818          0.00043652          0.00047559
446         8917.94388778         -0.00887173          0.00002556          0.00003067          0.00024370          0.00025703          0.00043456          0.00047348
447         8937.98196393         -0.00881419          0.00002545          0.00003054          0.00024261          0.00025588          0.00043262          0.00047137
448         8958.02004008         -0.00875690          0.00002533          0.00003040          0.00024152          0.00025474          0.00043068          0.00046928
449         8978.05811623         -0.00869987          0.00002522          0.00003027          0.00024044          0.00025361          0.00042876          0.00046721
450         8998.09619238         -0.00864309          0.00002511          0.00003014          0.00023937          0.00025249          0.00042686          0.00046515
451         9018.13426854         -0.00858656          0.00002500          0.00003001          0.00023831          0.00025138          0.00042496          0.00046311
452         9038.17234469         -0.00853029          0.00002489          0.00002988          0.00023726          0.00025027          0.00042308          0.00046107
453         9058.21042084         -0.00847427          0.00002478          0.00002975          0.00023621          0.00024917          0.00042121          0.00045905
454         9078.24849699         -0.00841850          0.00002467          0.00002962          0.00023517          0.00024808          0.00041935          0.00045705
455         9098.28657315         -0.00836298          0.00002456          0.00002949          0.00023413          0.00024699          0.00041751          0.00045506
456         9118.32464930         -0.00830771          0.00002445          0.00002937          0.00023310          0.00024592          0.00041567          0.00045308
457         9138.36272545         -0.00825270          0.00002434          0.00002924          0.00023208          0.00024484          0.00041385          0.00045112
458         9158.40080160         -0.00819793          0.00002424          0.00002912          0.00023107          0.00024378          0.00041204          0.00044916
459         9178.43887776         -0.00814342          0.00002413          0.00002899          0.00023006          0.00024272          0.00041025          0.00044723
460         9198.47695391         -0.00808915          0.00002403          0.00002887          0.00022906          0.00024167          0.00040846          0.00044530
461         9218.51503006         -0.00803514          0.00002392          0.00002875          0.00022806          0.00024063          0.00040669          0.00044339
462         9238.55310621         -0.00798137          0.00002382          0.00002862          0.00022708          0.00023960          0.00040493          0.00044149
463         9258.59118236         -0.00792786          0.00002372          0.00002850          0.00022609          0.00023857          0.00040318          0.00043960
464         9278.62925852         -0.00787459          0.00002361          0.00002838          0.00022512          0.00023754          0.00040144          0.00043772
465         9298.66733467         -0.00782157          0.00002351          0.00002827          0.00022415          0.00023653          0.00039971          0.00043586
466         9318.70541082         -0.00776880          0.00002341          0.00002815          0.00022319          0.00023552          0.00039799          0.00043401
467         9338.74348697         -0.00771627          0.00002331          0.00002803          0.00022223          0.00023452          0.00039628          0.00043217
468         9358.78156313         -0.00766399          0.00002321          0.00002791          0.00022128          0.00023352          0.00039459          0.00043034
469         9378.81963928         -0.00761196          0.00002311          0.00002780          0.00022033          0.00023253          0.00039290          0.00042853
470         9398.85771543         -0.00756017          0.00002301          0.00002768          0.00021940          0.00023155          0.00039123          0.00042672
471         9418.89579158         -0.00750863          0.00002292          0.00002757          0.00021846          0.00023057          0.00038957          0.00042493
472         9438.93386774         -0.00745734          0.00002282          0.00002745          0.00021754          0.00022960          0.00038792          0.00042315
473         9458.97194389         -0.00740629          0.00002272          0.00002734          0.00021662          0.00022863          0.00038627          0.00042138
474         9479.01002004         -0.00735548          0.00002263          0.00002723          0.00021570          0.00022768          0.00038464          0.00041963
475         9499.04809619         -0.00730492          0.00002253          0.00002712          0.00021479          0.00022672          0.00038302          0.00041788
476         9519.08617234         -0.00725460          0.00002244          0.00002701          0.00021389          0.00022578          0.00038141          0.00041615
477         9539.12424850         -0.00720452          0.00002234          0.00002690          0.00021299          0.00022484          0.00037981          0.00041442
478         9559.16232465         -0.00715469          0.00002225          0.00002679          0.00021210          0.00022390          0.00037822          0.00041271
479         9579.20040080         -0.00710510          0.00002216          0.00002668          0.00021121          0.00022298          0.00037664          0.00041101
480         9599.23847695         -0.00705575          0.00002206          0.00002657          0.00021033          0.00022205          0.00037507          0.00040932
481         9619.27655311         -0.00700664          0.00002197          0.00002646          0.00020946          0.00022114          0.00037351          0.00040764
482         9639.31462926         -0.00695777          0.00002188          0.00002636          0.00020859          0.00022023          0.00037196          0.00040597
483         9659.35270541         -0.00690914          0.00002179          0.00002625          0.00020772          0.00021932          0.00037041          0.00040431
484         9679.39078156         -0.00686075          0.00002170          0.00002615          0.00020686          0.00021842          0.00036888          0.00040266
485         9699.42885772         -0.00681260          0.00002161          0.00002604          0.00020601          0.00021753          0.00036736          0.00040103
486         9719.46693387         -0.00676469          0.00002152          0.00002594          0.00020516          0.00021664          0.00036585          0.00039940
487         9739.50501002         -0.00671702          0.00002143          0.00002584          0.00020432          0.00021576          0.00036434          0.00039778
488         9759.54308617         -0.00666958          0.00002134          0.00002573          0.00020348          0.00021488          0.00036285          0.00039618
489         9779.58116232         -0.00662238          0.00002126          0.00002563          0.00020265          0.00021401          0.00036136          0.00039458
490         9799.61923848         -0.00657542          0.00002117          0.00002553          0.00020182          0.00021314          0.00035989          0.00039299
491         9819.65731463         -0.00652869          0.00002108          0.00002543          0.00020100          0.00021228          0.00035842          0.00039142
492         9839.69539078         -0.00648220          0.00002100          0.00002533          0.00020018          0.00021143          0.00035696          0.00038985
493         9859.73346693         -0.00643594          0.00002091          0.00002523          0.00019937          0.00021058          0.00035551          0.00038829
494         9879.77154309         -0.00638992          0.00002083          0.00002513          0.00019856          0.00020973          0.00035407          0.00038674
495         9899.80961924         -0.00634413          0.00002074          0.00002503          0.00019775          0.00020889          0.00035264          0.00038521
496         9919.84769539         -0.00629857          0.00002066          0.00002494          0.00019696          0.00020806          0.00035122          0.00038368
497         9939.88577154         -0.00625325          0.00002058          0.00002484          0.00019616          0.00020723          0.00034980          0.00038216
498         9959.92384770         -0.00620816          0.00002049          0.00002475          0.00019537          0.00020640          0.00034839          0.00038065
499         9979.96192385         -0.00616330          0.00002041          0.00002465          0.00019459          0.00020558          0.00034700          0.00037915
500        10000.00000000         -0.00611867          0.00002033          0.00002456          0.00019381          0.00020477          0.00034561          0.00037766
