  1            1.00000000       2024.61313364       2032.98647701      19372.80141528      19381.13774749      34552.45989240      34560.77010916      54069.18192485
  2           21.03807615         -3.14395067          4.59327497         36.05199510         43.78922134         70.34323906         78.08567441        114.44420434
  3           41.07615230         -5.06808674          1.20491103          5.21400752         11.48681845         14.15766663         20.48348745         25.77785367
  4           61.11422846         -4.13889427          0.54431440          0.51114206          5.18913060          4.41665329          9.25334478          9.79944312
  5           81.15230461         -3.06630275          0.30869726         -0.40213954          2.94291388          1.62164810          5.24785342          4.85942630
  6          101.19038076         -2.24735697          0.19854366         -0.47237004          1.89278292          0.64463337          3.37524227          2.90238917
  7          121.22845691         -1.70511863          0.13833285         -0.38036621          1.31877320          0.28476968          2.35165851          1.96972380
  8          141.26653307         -1.37920318          0.10187225         -0.29718139          0.97118216          0.17703904          1.73182832          1.44544357
  9          161.30460922         -1.20076454          0.07813416         -0.23702555          0.74487897          0.16630762          1.32828068          1.10858489
 10          181.34268537         -1.11013803          0.06182077         -0.18678287          0.58935800          0.17777359          1.05095308          0.87256706
 11          201.38076152         -1.06551433          0.05013010         -0.14483411          0.47790691          0.18663184          0.85221162          0.69940334
 12          221.41883768         -1.04328084          0.04146726         -0.11212346          0.39532123          0.18850120          0.70494345          0.56941258
 13          241.45691383         -1.03173398          0.03487026         -0.08780179          0.33242982          0.18440694          0.59279444          0.47057882
 14          261.49498998         -1.02535860          0.02973088         -0.07009055          0.28343438          0.17614342          0.50542494          0.39475570
 15          281.53306613         -1.02159346          0.02564931         -0.05723625          0.24452341          0.16519969          0.43603825          0.33612938
 16          301.57114228         -1.01925102          0.02235398         -0.04784472          0.21310798          0.15267454          0.38001772          0.29043194
 17          321.60921844         -1.01776461          0.01965520         -0.04089606          0.18737959          0.13940456          0.33413843          0.25445277
 18          341.64729459         -1.01682856          0.01741721         -0.03566462          0.16604404          0.12607063          0.29609252          0.22572865
 19          361.68537074         -1.01623040          0.01554077         -0.03163462          0.14815536          0.11322569          0.26419313          0.20237012
 20          381.72344689         -1.01578060          0.01395201         -0.02843626          0.13300917          0.10127370          0.23718419          0.18296719
 21          401.76152305         -1.01529152          0.01259499         -0.02580284          0.12007223          0.09045535          0.21411482          0.16651127
 22          421.79959920         -1.01457913          0.01142674         -0.02354320          0.10893488          0.08086537          0.19425450          0.15230652
 23          441.83767535         -1.01347272          0.01041379         -0.02152363          0.09927817          0.07249095          0.17703450          0.13987985
 24          461.87575150         -1.01182453          0.00952981         -0.01965495          0.09085084          0.06525247          0.16200674          0.12890550
 25          481.91382766         -1.00951617          0.00875378         -0.01788235          0.08345272          0.05903629          0.14881429          0.11915092
 26          501.95190381         -1.00646105          0.00806882         -0.01617668          0.07692280          0.05371736          0.13717002          0.11044174
 27          521.98997996         -1.00260349          0.00746123         -0.01452687          0.07113035          0.04917298          0.12684083          0.10264069
 28          542.02805611         -0.99791563          0.00691976         -0.01293365          0.06596837          0.04529013          0.11763590          0.09563529
 29          562.06613226         -0.99239321          0.00643516         -0.01140441          0.06134857          0.04196862          0.10939780          0.08933085
 30          582.10420842         -0.98605100          0.00599975         -0.00994944          0.05719760          0.03912170          0.10199572          0.08364620
 31          602.14228457         -0.97891841          0.00560707         -0.00857930          0.05345410          0.03667516          0.09532025          0.07851104
 32          622.18036072         -0.97103562          0.00525172         -0.00730313          0.05006644          0.03456593          0.08927931          0.07386411
 33          642.21843687         -0.96245024          0.00492912         -0.00612771          0.04699090          0.03274043          0.08379496          0.06965176
 34          662.25651303         -0.95321463          0.00463534         -0.00505705          0.04419028          0.03115301          0.07880086          0.06582683
 35          682.29458918         -0.94338369          0.00436707         -0.00409240          0.04163278          0.02976461          0.07424027          0.06234778
 36          702.33266533         -0.93301323          0.00412144         -0.00323241          0.03929104          0.02854171          0.07006444          0.05917782
 37          722.37074148         -0.92215865          0.00389596         -0.00247348          0.03714146          0.02745541          0.06623128          0.05628428
 38          742.40881764         -0.91087404          0.00368849         -0.00181026          0.03516358          0.02648091          0.06270428          0.05363802
 39          762.44689379         -0.89921146          0.00349716         -0.00123607          0.03333958          0.02559700          0.05945169          0.05121295
 40          782.48496994         -0.88722051          0.00332034         -0.00074338          0.03165390          0.02478573          0.05644577          0.04898562
 41          802.52304609         -0.87494800          0.00315660         -0.00032424          0.03009291          0.02403217          0.05366219          0.04693493
 42          822.56112224         -0.86243778          0.00300468          0.00002936          0.02864461          0.02332412          0.05107955          0.04504181
 43          842.59919840         -0.84973069          0.00286347          0.00032523          0.02729840          0.02265187          0.04867896          0.04328908
 44          862.63727455         -0.83686456          0.00273198          0.00057072          0.02604491          0.02200793          0.04644372          0.04166126
 45          882.67535070         -0.82387422          0.00260935          0.00077264          0.02487581          0.02138671          0.04435897          0.04014446
 46          902.71342685         -0.81079168          0.00249479          0.00093713          0.02378370          0.02078422          0.04241150          0.03872630
 47          922.75150301         -0.79764618          0.00238762          0.00106969          0.02276196          0.02019777          0.04058952          0.03739577
 48          942.78957916         -0.78446437          0.00228720          0.00117513          0.02180468          0.01962567          0.03888247          0.03614320
 49          962.82765531         -0.77127046          0.00219299          0.00125768          0.02090654          0.01906699          0.03728089          0.03496015
 50          982.86573146         -0.75808639          0.00210449          0.00132095          0.02006277          0.01852131          0.03577627          0.03383930
 51         1002.90380762         -0.74493198          0.00202123          0.00136806          0.01926907          0.01798858          0.03436093          0.03277433
 52         1022.94188377         -0.73182507          0.00194282          0.00140168          0.01852155          0.01746891          0.03302794          0.03175986
 53         1042.97995992         -0.71878172          0.00186888          0.00142406          0.01781670          0.01696257          0.03177104          0.03079130
 54         1063.01803607         -0.70581631          0.00179909          0.00143711          0.01715134          0.01646980          0.03058455          0.02986476
 55         1083.05611222         -0.69294171          0.00173314          0.00144245          0.01652256          0.01599083          0.02946331          0.02897694
 56         1103.09418838         -0.68016940          0.00167074          0.00144143          0.01592774          0.01552586          0.02840261          0.02812502
 57         1123.13226453         -0.66750959          0.00161166          0.00143521          0.01536447          0.01507497          0.02739817          0.02730661
 58         1143.17034068         -0.65497133          0.00155565          0.00142474          0.01483055          0.01463819          0.02644609          0.02651964
 59         1163.20841683         -0.64256264          0.00150252          0.00141083          0.01432400          0.01421548          0.02554279          0.02576234
 60         1183.24649299         -0.63029056          0.00145206          0.00139416          0.01384296          0.01380671          0.02468499          0.02503314
 61         1203.28456914         -0.61816128          0.00140410          0.00137530          0.01338575          0.01341170          0.02386969          0.02433064
 62         1223.32264529         -0.60618020          0.00135848          0.00135472          0.01295082          0.01303020          0.02309412          0.02365362
 63         1243.36072144         -0.59435201          0.00131504          0.00133282          0.01253675          0.01266193          0.02235574          0.02300094
 64         1263.39879760         -0.58268075          0.00127366          0.00130992          0.01214223          0.01230657          0.02165222          0.02237156
 65         1283.43687375         -0.57116986          0.00123420          0.00128631          0.01176604          0.01196378          0.02098140          0.02176452
 66         1303.47494990         -0.55982227          0.00119655          0.00126222          0.01140706          0.01163317          0.02034127          0.02117891
 67         1323.51302605         -0.54864043          0.00116059          0.00123783          0.01106427          0.01131438          0.01972999          0.02061390
 68         1343.55110220         -0.53762632          0.00112623          0.00121331          0.01073670          0.01100700          0.01914587          0.02006867
 69         1363.58917836         -0.52678155          0.00109337          0.00118879          0.01042347          0.01071064          0.01858730          0.01954245
 70         1383.62725451         -0.51610736          0.00106193          0.00116436          0.01012374          0.01042491          0.01805283          0.01903451
 71         1403.66533066         -0.50560466          0.00103183          0.00114014          0.00983676          0.01014941          0.01754108          0.01854414
 72         1423.70340681         -0.49527406          0.00100299          0.00111617          0.00956181          0.00988375          0.01705078          0.01807067
 73         1443.74148297         -0.48511589          0.00097534          0.00109253          0.00929823          0.00962755          0.01658076          0.01761344
 74         1463.77955912         -0.47513026          0.00094882          0.00106925          0.00904540          0.00938045          0.01612991          0.01717182
 75         1483.81763527         -0.46531701          0.00092337          0.00104638          0.00880275          0.00914207          0.01569721          0.01674520
 76         1503.85571142         -0.45567582          0.00089892          0.00102394          0.00856973          0.00891208          0.01528168          0.01633302
 77         1523.89378758         -0.44620614          0.00087544          0.00100195          0.00834584          0.00869012          0.01488244          0.01593470
 78         1543.93186373         -0.43690727          0.00085286          0.00098043          0.00813061          0.00847588          0.01449864          0.01554971
 79         1563.96993988         -0.42777835          0.00083115          0.00095939          0.00792360          0.00826904          0.01412949          0.01517753
 80         1584.00801603         -0.41881838          0.00081025          0.00093883          0.00772440          0.00806929          0.01377427          0.01481766
 81         1604.04609218         -0.41002622          0.00079013          0.00091876          0.00753261          0.00787634          0.01343228          0.01446962
 82         1624.08416834         -0.40140061          0.00077076          0.00089917          0.00734788          0.00768992          0.01310287          0.01413295
 83         1644.12224449         -0.39294020          0.00075208          0.00088008          0.00716987          0.00750976          0.01278543          0.01380721
 84         1664.16032064         -0.38464353          0.00073408          0.00086146          0.00699824          0.00733560          0.01247938          0.01349197
 85         1684.19839679         -0.37650902          0.00071672          0.00084331          0.00683271          0.00716720          0.01218420          0.01318683
 86         1704.23647295         -0.36853507          0.00069996          0.00082564          0.00667298          0.00700432          0.01189936          0.01289140
 87         1724.27454910         -0.36071995          0.00068379          0.00080843          0.00651878          0.00684673          0.01162440          0.01260529
 88         1744.31262525         -0.35306189          0.00066817          0.00079166          0.00636987          0.00669423          0.01135886          0.01232816
 89         1764.35070140         -0.34555905          0.00065308          0.00077534          0.00622600          0.00654662          0.01110232          0.01205966
 90         1784.38877756         -0.33820955          0.00063849          0.00075946          0.00608696          0.00640368          0.01085437          0.01179945
 91         1804.42685371         -0.33101145          0.00062439          0.00074399          0.00595252          0.00626524          0.01061463          0.01154723
 92         1824.46492986         -0.32396276          0.00061075          0.00072894          0.00582248          0.00613113          0.01038275          0.01130268
 93         1844.50300601         -0.31706146          0.00059755          0.00071429          0.00569666          0.00600116          0.01015839          0.01106553
 94         1864.54108216         -0.31030551          0.00058478          0.00070003          0.00557488          0.00587518          0.00994122          0.01083549
 95         1884.57915832         -0.30369281          0.00057241          0.00068615          0.00545696          0.00575304          0.00973094          0.01061229
 96         1904.61723447         -0.29722127          0.00056043          0.00067263          0.00534274          0.00563457          0.00952726          0.01039569
 97         1924.65531062         -0.29088876          0.00054882          0.00065948          0.00523207          0.00551965          0.00932991          0.01018543
 98         1944.69338677         -0.28469312          0.00053757          0.00064668          0.00512480          0.00540814          0.00913863          0.00998129
 99         1964.73146293         -0.27863221          0.00052666          0.00063422          0.00502080          0.00529991          0.00895317          0.00978304
100         1984.76953908         -0.27270385          0.00051608          0.00062208          0.00491993          0.00519483          0.00877331          0.00959046
101         2004.80761523         -0.26690587          0.00050581          0.00061027          0.00482207          0.00509279          0.00859880          0.00940335
102         2024.84569138         -0.26123608          0.00049585          0.00059876          0.00472711          0.00499367          0.00842946          0.00922152
103         2044.88376754         -0.25569230          0.00048618          0.00058756          0.00463492          0.00489737          0.00826506          0.00904477
104         2064.92184369         -0.25027236          0.00047679          0.00057664          0.00454540          0.00480379          0.00810543          0.00887292
105         2084.95991984         -0.24497406          0.00046767          0.00056601          0.00445845          0.00471282          0.00795038          0.00870581
106         2104.99799599         -0.23979524          0.00045881          0.00055565          0.00437397          0.00462437          0.00779974          0.00854326
107         2125.03607214         -0.23473373          0.00045020          0.00054556          0.00429187          0.00453835          0.00765334          0.00838512
108         2145.07414830         -0.22978737          0.00044182          0.00053573          0.00421206          0.00445468          0.00751102          0.00823123
109         2165.11222445         -0.22495400          0.00043368          0.00052614          0.00413446          0.00437326          0.00737263          0.00808144
110         2185.15030060         -0.22023151          0.00042577          0.00051680          0.00405898          0.00429403          0.00723804          0.00793562
111         2205.18837675         -0.21561776          0.00041806          0.00050769          0.00398555          0.00421691          0.00710709          0.00779364
112         2225.22645291         -0.21111066          0.00041057          0.00049881          0.00391409          0.00414182          0.00697967          0.00765535
113         2245.26452906         -0.20670811          0.00040327          0.00049015          0.00384454          0.00406869          0.00685565          0.00752064
114         2265.30260521         -0.20240805          0.00039617          0.00048170          0.00377682          0.00399747          0.00673490          0.00738939
115         2285.34068136         -0.19820842          0.00038925          0.00047346          0.00371088          0.00392807          0.00661731          0.00726149
116         2305.37875752         -0.19410719          0.00038252          0.00046542          0.00364666          0.00386045          0.00650278          0.00713682
117         2325.41683367         -0.19010237          0.00037595          0.00045758          0.00358408          0.00379454          0.00639119          0.00701527
118         2345.45490982         -0.18619195          0.00036956          0.00044993          0.00352310          0.00373029          0.00628245          0.00689676
119         2365.49298597         -0.18237398          0.00036332          0.00044245          0.00346367          0.00366764          0.00617647          0.00678117
120         2385.53106212         -0.17864652          0.00035724          0.00043516          0.00340572          0.00360653          0.00607314          0.00666842
121         2405.56913828         -0.17500766          0.00035132          0.00042804          0.00334922          0.00354693          0.00597238          0.00655841
122         2425.60721443         -0.17145551          0.00034554          0.00042109          0.00329411          0.00348878          0.00587412          0.00645106
123         2445.64529058         -0.16798819          0.00033990          0.00041430          0.00324035          0.00343204          0.00577825          0.00634629
124         2465.68336673         -0.16460389          0.00033440          0.00040766          0.00318790          0.00337666          0.00568472          0.00624402
125         2485.72144289         -0.16130078          0.00032903          0.00040118          0.00313671          0.00332260          0.00559343          0.00614416
126         2505.75951904         -0.15807708          0.00032378          0.00039485          0.00308674          0.00326981          0.00550433          0.00604664
127         2525.79759519         -0.15493104          0.00031867          0.00038866          0.00303796          0.00321826          0.00541734          0.00595140
128         2545.83567134         -0.15186093          0.00031367          0.00038262          0.00299033          0.00316791          0.00533240          0.00585836
129         2565.87374749         -0.14886504          0.00030879          0.00037671          0.00294380          0.00311873          0.00524944          0.00576745
130         2585.91182365         -0.14594170          0.00030402          0.00037093          0.00289836          0.00307067          0.00516840          0.00567862
131         2605.94989980         -0.14308927          0.00029937          0.00036528          0.00285396          0.00302371          0.00508922          0.00559180
132         2625.98797595         -0.14030614          0.00029481          0.00035975          0.00281057          0.00297780          0.00501185          0.00550693
133         2646.02605210         -0.13759070          0.00029037          0.00035435          0.00276816          0.00293293          0.00493623          0.00542395
134         2666.06412826         -0.13494140          0.00028602          0.00034906          0.00272670          0.00288906          0.00486231          0.00534282
135         2686.10220441         -0.13235670          0.00028177          0.00034389          0.00268617          0.00284616          0.00479003          0.00526347
136         2706.14028056         -0.12983511          0.00027761          0.00033882          0.00264654          0.00280420          0.00471936          0.00518585
137         2726.17835671         -0.12737514          0.00027354          0.00033387          0.00260778          0.00276315          0.00465023          0.00510992
138         2746.21643287         -0.12497534          0.00026957          0.00032902          0.00256986          0.00272299          0.00458262          0.00503562
139         2766.25450902         -0.12263429          0.00026567          0.00032428          0.00253277          0.00268370          0.00451647          0.00496292
140         2786.29258517         -0.12035060          0.00026187          0.00031963          0.00249647          0.00264525          0.00445174          0.00489176
141         2806.33066132         -0.11812290          0.00025814          0.00031508          0.00246094          0.00260761          0.00438840          0.00482210
142         2826.36873747         -0.11594984          0.00025449          0.00031063          0.00242617          0.00257076          0.00432639          0.00475391
143         2846.40681363         -0.11383013          0.00025092          0.00030626          0.00239213          0.00253469          0.00426569          0.00468713
144         2866.44488978         -0.11176245          0.00024743          0.00030199          0.00235881          0.00249936          0.00420626          0.00462174
145         2886.48296593         -0.10974557          0.00024400          0.00029780          0.00232617          0.00246476          0.00414806          0.00455769
146         2906.52104208         -0.10777824          0.00024065          0.00029370          0.00229421          0.00243087          0.00409107          0.00449495
147         2926.55911824         -0.10585925          0.00023737          0.00028968          0.00226290          0.00239767          0.00403523          0.00443349
148         2946.59719439         -0.10398742          0.00023415          0.00028574          0.00223222          0.00236515          0.00398054          0.00437326
149         2966.63527054         -0.10216159          0.00023100          0.00028188          0.00220217          0.00233327          0.00392695          0.00431424
150         2986.67334669         -0.10038063          0.00022791          0.00027809          0.00217272          0.00230203          0.00387443          0.00425639
151         3006.71142285         -0.09864342          0.00022488          0.00027438          0.00214386          0.00227142          0.00382296          0.00419969
152         3026.74949900         -0.09694889          0.00022191          0.00027074          0.00211556          0.00224140          0.00377251          0.00414410
153         3046.78757515         -0.09529597          0.00021900          0.00026717          0.00208783          0.00221197          0.00372305          0.00408960
154         3066.82565130         -0.09368363          0.00021615          0.00026367          0.00206064          0.00218312          0.00367456          0.00403616
155         3086.86372745         -0.09211084          0.00021335          0.00026024          0.00203397          0.00215482          0.00362701          0.00398374
156         3106.90180361         -0.09057662          0.00021061          0.00025687          0.00200782          0.00212707          0.00358037          0.00393233
157         3126.93987976         -0.08907999          0.00020792          0.00025356          0.00198217          0.00209984          0.00353463          0.00388190
158         3146.97795591         -0.08762001          0.00020528          0.00025032          0.00195700          0.00207313          0.00348976          0.00383242
159         3167.01603206         -0.08619576          0.00020269          0.00024714          0.00193232          0.00204693          0.00344574          0.00378388
160         3187.05410822         -0.08480632          0.00020015          0.00024402          0.00190810          0.00202122          0.00340255          0.00373624
161         3207.09218437         -0.08345082          0.00019766          0.00024095          0.00188433          0.00199598          0.00336016          0.00368948
162         3227.13026052         -0.08212838          0.00019521          0.00023794          0.00186100          0.00197121          0.00331857          0.00364359
163         3247.16833667         -0.08083817          0.00019281          0.00023499          0.00183810          0.00194690          0.00327773          0.00359855
164         3267.20641283         -0.07957937          0.00019045          0.00023209          0.00181562          0.00192303          0.00323765          0.00355432
165         3287.24448898         -0.07835116          0.00018814          0.00022924          0.00179356          0.00189960          0.00319830          0.00351090
166         3307.28256513         -0.07715276          0.00018586          0.00022644          0.00177189          0.00187659          0.00315966          0.00346826
167         3327.32064128         -0.07598341          0.00018363          0.00022369          0.00175061          0.00185399          0.00312172          0.00342638
168         3347.35871743         -0.07484236          0.00018144          0.00022099          0.00172972          0.00183179          0.00308446          0.00338525
169         3367.39679359         -0.07372888          0.00017929          0.00021834          0.00170919          0.00180999          0.00304786          0.00334485
170         3387.43486974         -0.07264225          0.00017717          0.00021574          0.00168903          0.00178858          0.00301191          0.00330516
171         3407.47294589         -0.07158178          0.00017509          0.00021318          0.00166922          0.00176754          0.00297659          0.00326617
172         3427.51102204         -0.07054679          0.00017305          0.00021066          0.00164976          0.00174686          0.00294188          0.00322786
173         3447.54909820         -0.06953662          0.00017105          0.00020819          0.00163064          0.00172655          0.00290779          0.00319021
174         3467.58717435         -0.06855062          0.00016908          0.00020576          0.00161185          0.00170658          0.00287428          0.00315321
175         3487.62525050         -0.06758816          0.00016714          0.00020337          0.00159338          0.00168696          0.00284134          0.00311684
176         3507.66332665         -0.06664863          0.00016523          0.00020102          0.00157523          0.00166767          0.00280897          0.00308109
177         3527.70140281         -0.06573143          0.00016336          0.00019871          0.00155738          0.00164871          0.00277715          0.00304595
178         3547.73947896         -0.06483597          0.00016152          0.00019644          0.00153984          0.00163007          0.00274587          0.00301140
179         3567.77755511         -0.06396169          0.00015971          0.00019421          0.00152259          0.00161174          0.00271511          0.00297743
180         3587.81563126         -0.06310802          0.00015793          0.00019202          0.00150563          0.00159372          0.00268487          0.00294403
181         3607.85370741         -0.06227443          0.00015618          0.00018986          0.00148895          0.00157600          0.00265513          0.00291118
182         3627.89178357         -0.06146038          0.00015446          0.00018774          0.00147255          0.00155856          0.00262588          0.00287887
183         3647.92985972         -0.06066537          0.00015277          0.00018565          0.00145642          0.00154142          0.00259711          0.00284709
184         3667.96793587         -0.05988889          0.00015111          0.00018359          0.00144055          0.00152455          0.00256881          0.00281583
185         3688.00601202         -0.05913045          0.00014947          0.00018157          0.00142494          0.00150796          0.00254097          0.00278507
186         3708.04408818         -0.05838957          0.00014786          0.00017958          0.00140958          0.00149164          0.00251359          0.00275482
187         3728.08216433         -0.05766578          0.00014627          0.00017763          0.00139447          0.00147557          0.00248664          0.00272505
188         3748.12024048         -0.05695865          0.00014471          0.00017570          0.00137960          0.00145977          0.00246012          0.00269575
189         3768.15831663         -0.05626771          0.00014318          0.00017381          0.00136496          0.00144422          0.00243403          0.00266692
190         3788.19639279         -0.05559255          0.00014167          0.00017194          0.00135056          0.00142891          0.00240834          0.00263855
191         3808.23446894         -0.05493275          0.00014018          0.00017011          0.00133639          0.00141384          0.00238307          0.00261062
192         3828.27254509         -0.05428789          0.00013872          0.00016830          0.00132243          0.00139901          0.00235818          0.00258313
193         3848.31062124         -0.05365757          0.00013728          0.00016652          0.00130870          0.00138441          0.00233369          0.00255607
194         3868.34869739         -0.05304142          0.00013586          0.00016477          0.00129517          0.00137003          0.00230958          0.00252943
195         3888.38677355         -0.05243905          0.00013446          0.00016304          0.00128186          0.00135588          0.00228583          0.00250320
196         3908.42484970         -0.05185009          0.00013309          0.00016135          0.00126875          0.00134195          0.00226245          0.00247737
197         3928.46292585         -0.05127418          0.00013173          0.00015967          0.00125584          0.00132822          0.00223943          0.00245193
198         3948.50100200         -0.05071098          0.00013040          0.00015803          0.00124312          0.00131471          0.00221676          0.00242689
199         3968.53907816         -0.05016015          0.00012908          0.00015641          0.00123060          0.00130140          0.00219443          0.00240222
200         3988.57715431         -0.04962136          0.00012779          0.00015481          0.00121827          0.00128829          0.00217244          0.00237792
201         4008.61523046         -0.04909427          0.00012652          0.00015323          0.00120612          0.00127537          0.00215077          0.00235399
202         4028.65330661         -0.04857858          0.00012526          0.00015168          0.00119415          0.00126265          0.00212943          0.00233041
203         4048.69138277         -0.04807399          0.00012402          0.00015016          0.00118236          0.00125012          0.00210841          0.00230718
204         4068.72945892         -0.04758019          0.00012281          0.00014865          0.00117074          0.00123777          0.00208769          0.00228430
205         4088.76753507         -0.04709689          0.00012160          0.00014717          0.00115930          0.00122560          0.00206728          0.00226175
206         4108.80561122         -0.04662381          0.00012042          0.00014571          0.00114802          0.00121361          0.00204716          0.00223953
207         4128.84368737         -0.04616068          0.00011926          0.00014427          0.00113690          0.00120180          0.00202734          0.00221764
208         4148.88176353         -0.04570723          0.00011811          0.00014285          0.00112594          0.00119015          0.00200780          0.00219606
209         4168.91983968         -0.04526320          0.00011697          0.00014145          0.00111515          0.00117867          0.00198855          0.00217479
210         4188.95791583         -0.04482833          0.00011586          0.00014008          0.00110450          0.00116736          0.00196957          0.00215383
211         4208.99599198         -0.04440238          0.00011476          0.00013872          0.00109401          0.00115621          0.00195086          0.00213317
212         4229.03406814         -0.04398510          0.00011367          0.00013738          0.00108367          0.00114522          0.00193242          0.00211280
213         4249.07214429         -0.04357627          0.00011260          0.00013606          0.00107347          0.00113438          0.00191423          0.00209272
214         4269.11022044         -0.04317565          0.00011155          0.00013476          0.00106342          0.00112370          0.00189631          0.00207293
215         4289.14829659         -0.04278302          0.00011051          0.00013347          0.00105351          0.00111316          0.00187863          0.00205341
216         4309.18637275         -0.04239817          0.00010948          0.00013221          0.00104373          0.00110278          0.00186120          0.00203417
217         4329.22444890         -0.04202089          0.00010847          0.00013096          0.00103409          0.00109253          0.00184401          0.00201519
218         4349.26252505         -0.04165097          0.00010747          0.00012973          0.00102459          0.00108243          0.00182706          0.00199647
219         4369.30060120         -0.04128821          0.00010649          0.00012852          0.00101521          0.00107247          0.00181034          0.00197802
220         4389.33867735         -0.04093242          0.00010552          0.00012732          0.00100596          0.00106264          0.00179385          0.00195982
221         4409.37675351         -0.04058341          0.00010456          0.00012614          0.00099684          0.00105295          0.00177758          0.00194186
222         4429.41482966         -0.04024100          0.00010362          0.00012498          0.00098784          0.00104339          0.00176153          0.00192415
223         4449.45290581         -0.03990501          0.00010269          0.00012383          0.00097896          0.00103395          0.00174570          0.00190668
224         4469.49098196         -0.03957526          0.00010177          0.00012270          0.00097020          0.00102465          0.00173008          0.00188945
225         4489.52905812         -0.03925159          0.00010086          0.00012158          0.00096156          0.00101547          0.00171468          0.00187245
226         4509.56713427         -0.03893383          0.00009997          0.00012048          0.00095304          0.00100641          0.00169947          0.00185567
227         4529.60521042         -0.03862182          0.00009909          0.00011940          0.00094462          0.00099747          0.00168447          0.00183912
228         4549.64328657         -0.03831541          0.00009822          0.00011832          0.00093632          0.00098865          0.00166966          0.00182279
229         4569.68136273         -0.03801444          0.00009736          0.00011726          0.00092813          0.00097995          0.00165505          0.00180667
230         4589.71943888         -0.03771877          0.00009651          0.00011622          0.00092004          0.00097136          0.00164063          0.00179077
231         4609.75751503         -0.03742825          0.00009567          0.00011519          0.00091206          0.00096289          0.00162640          0.00177507
232         4629.79559118         -0.03714275          0.00009484          0.00011417          0.00090418          0.00095452          0.00161235          0.00175958
233         4649.83366733         -0.03686212          0.00009403          0.00011317          0.00089641          0.00094626          0.00159849          0.00174429
234         4669.87174349         -0.03658625          0.00009322          0.00011218          0.00088873          0.00093811          0.00158480          0.00172920
235         4689.90981964         -0.03631499          0.00009243          0.00011120          0.00088115          0.00093006          0.00157128          0.00171431
236         4709.94789579         -0.03604822          0.00009164          0.00011024          0.00087367          0.00092212          0.00155794          0.00169960
237         4729.98597194         -0.03578583          0.00009087          0.00010928          0.00086628          0.00091428          0.00154477          0.00168508
238         4750.02404810         -0.03552769          0.00009010          0.00010834          0.00085899          0.00090653          0.00153176          0.00167075
239         4770.06212425         -0.03527369          0.00008935          0.00010741          0.00085179          0.00089889          0.00151892          0.00165660
240         4790.10020040         -0.03502372          0.00008860          0.00010650          0.00084468          0.00089134          0.00150624          0.00164263
241         4810.13827655         -0.03477767          0.00008787          0.00010559          0.00083765          0.00088388          0.00149372          0.00162883
242         4830.17635271         -0.03453543          0.00008714          0.00010470          0.00083072          0.00087652          0.00148135          0.00161520
243         4850.21442886         -0.03429690          0.00008642          0.00010382          0.00082387          0.00086925          0.00146913          0.00160175
244         4870.25250501         -0.03406198          0.00008571          0.00010295          0.00081710          0.00086207          0.00145707          0.00158846
245         4890.29058116         -0.03383058          0.00008501          0.00010209          0.00081042          0.00085498          0.00144515          0.00157534
246         4910.32865731         -0.03360260          0.00008432          0.00010124          0.00080382          0.00084797          0.00143338          0.00156238
247         4930.36673347         -0.03337795          0.00008363          0.00010040          0.00079730          0.00084105          0.00142176          0.00154958
248         4950.40480962         -0.03315653          0.00008296          0.00009957          0.00079086          0.00083422          0.00141027          0.00153693
249         4970.44288577         -0.03293827          0.00008229          0.00009875          0.00078449          0.00082747          0.00139892          0.00152444
250         4990.48096192         -0.03272308          0.00008163          0.00009794          0.00077821          0.00082080          0.00138771          0.00151210
251         5010.51903808         -0.03251087          0.00008098          0.00009714          0.00077199          0.00081421          0.00137663          0.00149991
252         5030.55711423         -0.03230157          0.00008033          0.00009635          0.00076586          0.00080770          0.00136569          0.00148787
253         5050.59519038         -0.03209509          0.00007970          0.00009558          0.00075979          0.00080126          0.00135487          0.00147597
254         5070.63326653         -0.03189138          0.00007907          0.00009481          0.00075380          0.00079491          0.00134418          0.00146422
255         5090.67134269         -0.03169034          0.00007845          0.00009404          0.00074788          0.00078863          0.00133362          0.00145260
256         5110.70941884         -0.03149191          0.00007783          0.00009329          0.00074202          0.00078242          0.00132319          0.00144112
257         5130.74749499         -0.03129603          0.00007723          0.00009255          0.00073624          0.00077628          0.00131287          0.00142978
258         5150.78557114         -0.03110262          0.00007663          0.00009182          0.00073052          0.00077022          0.00130268          0.00141857
259         5170.82364729         -0.03091161          0.00007604          0.00009109          0.00072487          0.00076423          0.00129260          0.00140749
260         5190.86172345         -0.03072295          0.00007545          0.00009038          0.00071928          0.00075831          0.00128264          0.00139654
261         5210.89979960         -0.03053658          0.00007487          0.00008967          0.00071376          0.00075246          0.00127279          0.00138572
262         5230.93787575         -0.03035243          0.00007430          0.00008897          0.00070830          0.00074667          0.00126306          0.00137502
263         5250.97595190         -0.03017045          0.00007373          0.00008828          0.00070291          0.00074095          0.00125344          0.00136445
264         5271.01402806         -0.02999057          0.00007317          0.00008759          0.00069758          0.00073530          0.00124393          0.00135400
265         5291.05210421         -0.02981275          0.00007262          0.00008692          0.00069230          0.00072971          0.00123452          0.00134367
266         5311.09018036         -0.02963694          0.00007207          0.00008625          0.00068709          0.00072418          0.00122523          0.00133346
267         5331.12825651         -0.02946307          0.00007153          0.00008559          0.00068193          0.00071872          0.00121603          0.00132336
268         5351.16633267         -0.02929110          0.00007100          0.00008494          0.00067683          0.00071332          0.00120694          0.00131338
269         5371.20440882         -0.02912098          0.00007047          0.00008429          0.00067179          0.00070798          0.00119795          0.00130351
270         5391.24248497         -0.02895267          0.00006995          0.00008366          0.00066681          0.00070270          0.00118907          0.00129375
271         5411.28056112         -0.02878612          0.00006943          0.00008302          0.00066188          0.00069748          0.00118028          0.00128410
272         5431.31863727         -0.02862127          0.00006892          0.00008240          0.00065701          0.00069231          0.00117158          0.00127456
273         5451.35671343         -0.02845810          0.00006841          0.00008179          0.00065218          0.00068721          0.00116299          0.00126512
274         5471.39478958         -0.02829655          0.00006791          0.00008118          0.00064742          0.00068216          0.00115448          0.00125579
275         5491.43286573         -0.02813660          0.00006742          0.00008057          0.00064270          0.00067716          0.00114607          0.00124657
276         5511.47094188         -0.02797818          0.00006693          0.00007998          0.00063803          0.00067222          0.00113775          0.00123744
277         5531.50901804         -0.02782128          0.00006644          0.00007939          0.00063342          0.00066734          0.00112953          0.00122842
278         5551.54709419         -0.02766585          0.00006596          0.00007881          0.00062886          0.00066250          0.00112139          0.00121949
279         5571.58517034         -0.02751185          0.00006549          0.00007823          0.00062434          0.00065772          0.00111334          0.00121066
280         5591.62324649         -0.02735926          0.00006502          0.00007766          0.00061987          0.00065299          0.00110537          0.00120193
281         5611.66132265         -0.02720802          0.00006456          0.00007710          0.00061546          0.00064832          0.00109749          0.00119329
282         5631.69939880         -0.02705812          0.00006410          0.00007654          0.00061108          0.00064369          0.00108969          0.00118474
283         5651.73747495         -0.02690952          0.00006365          0.00007599          0.00060676          0.00063911          0.00108198          0.00117629
284         5671.77555110         -0.02676219          0.00006320          0.00007544          0.00060248          0.00063458          0.00107435          0.00116793
285         5691.81362725         -0.02661610          0.00006275          0.00007490          0.00059824          0.00063010          0.00106680          0.00115965
286         5711.85170341         -0.02647122          0.00006231          0.00007437          0.00059405          0.00062567          0.00105933          0.00115147
287         5731.88977956         -0.02632751          0.00006188          0.00007384          0.00058991          0.00062128          0.00105193          0.00114337
288         5751.92785571         -0.02618496          0.00006145          0.00007332          0.00058580          0.00061694          0.00104462          0.00113535
289         5771.96593186         -0.02604354          0.00006102          0.00007280          0.00058174          0.00061264          0.00103738          0.00112742
290         5792.00400802         -0.02590322          0.00006060          0.00007229          0.00057773          0.00060839          0.00103021          0.00111958
291         5812.04208417         -0.02576397          0.00006018          0.00007179          0.00057375          0.00060419          0.00102312          0.00111181
292         5832.08016032         -0.02562577          0.00005977          0.00007129          0.00056981          0.00060002          0.00101610          0.00110413
293         5852.11823647         -0.02548859          0.00005936          0.00007079          0.00056592          0.00059590          0.00100915          0.00109652
294         5872.15631263         -0.02535243          0.00005896          0.00007030          0.00056206          0.00059183          0.00100228          0.00108900
295         5892.19438878         -0.02521724          0.00005856          0.00006982          0.00055825          0.00058779          0.00099547          0.00108155
296         5912.23246493         -0.02508301          0.00005816          0.00006934          0.00055447          0.00058380          0.00098874          0.00107418
297         5932.27054108         -0.02494972          0.00005777          0.00006886          0.00055073          0.00057984          0.00098207          0.00106689
298         5952.30861723         -0.02481735          0.00005738          0.00006839          0.00054703          0.00057593          0.00097547          0.00105967
299         5972.34669339         -0.02468587          0.00005700          0.00006793          0.00054336          0.00057206          0.00096893          0.00105252
300         5992.38476954         -0.02455528          0.00005662          0.00006747          0.00053973          0.00056822          0.00096246          0.00104544
301         6012.42284569         -0.02442555          0.00005624          0.00006701          0.00053614          0.00056442          0.00095606          0.00103844
302         6032.46092184         -0.02429666          0.00005587          0.00006656          0.00053259          0.00056067          0.00094972          0.00103151
303         6052.49899800         -0.02416859          0.00005550          0.00006611          0.00052907          0.00055695          0.00094344          0.00102464
304         6072.53707415         -0.02404134          0.00005513          0.00006567          0.00052558          0.00055326          0.00093722          0.00101785
305         6092.57515030         -0.02391487          0.00005477          0.00006523          0.00052213          0.00054961          0.00093107          0.00101112
306         6112.61322645         -0.02378918          0.00005441          0.00006480          0.00051871          0.00054600          0.00092497          0.00100446
307         6132.65130261         -0.02366426          0.00005406          0.00006437          0.00051533          0.00054243          0.00091894          0.00099787
308         6152.68937876         -0.02354008          0.00005370          0.00006395          0.00051198          0.00053889          0.00091296          0.00099134
309         6172.72745491         -0.02341663          0.00005336          0.00006353          0.00050866          0.00053538          0.00090705          0.00098487
310         6192.76553106         -0.02329390          0.00005301          0.00006311          0.00050537          0.00053191          0.00090119          0.00097847
311         6212.80360721         -0.02317187          0.00005267          0.00006270          0.00050212          0.00052847          0.00089538          0.00097213
312         6232.84168337         -0.02305054          0.00005233          0.00006229          0.00049889          0.00052507          0.00088963          0.00096586
313         6252.87975952         -0.02292988          0.00005200          0.00006189          0.00049570          0.00052170          0.00088394          0.00095964
314         6272.91783567         -0.02280989          0.00005166          0.00006149          0.00049254          0.00051836          0.00087830          0.00095348
315         6292.95591182         -0.02269056          0.00005134          0.00006109          0.00048941          0.00051505          0.00087272          0.00094739
316         6312.99398798         -0.02257187          0.00005101          0.00006070          0.00048630          0.00051178          0.00086719          0.00094135
317         6333.03206413         -0.02245381          0.00005069          0.00006031          0.00048323          0.00050853          0.00086171          0.00093537
318         6353.07014028         -0.02233637          0.00005037          0.00005993          0.00048019          0.00050532          0.00085628          0.00092945
319         6373.10821643         -0.02221954          0.00005005          0.00005955          0.00047717          0.00050214          0.00085090          0.00092358
320         6393.14629259         -0.02210332          0.00004974          0.00005917          0.00047419          0.00049899          0.00084558          0.00091777
321         6413.18436874         -0.02198768          0.00004943          0.00005880          0.00047123          0.00049586          0.00084030          0.00091202
322         6433.22244489         -0.02187263          0.00004912          0.00005843          0.00046830          0.00049277          0.00083508          0.00090632
323         6453.26052104         -0.02175815          0.00004882          0.00005806          0.00046539          0.00048971          0.00082990          0.00090067
324         6473.29859719         -0.02164423          0.00004852          0.00005770          0.00046252          0.00048667          0.00082477          0.00089507
325         6493.33667335         -0.02153087          0.00004822          0.00005734          0.00045967          0.00048366          0.00081969          0.00088953
326         6513.37474950         -0.02141806          0.00004792          0.00005699          0.00045684          0.00048068          0.00081465          0.00088404
327         6533.41282565         -0.02130578          0.00004763          0.00005663          0.00045405          0.00047773          0.00080966          0.00087860
328         6553.45090180         -0.02119404          0.00004734          0.00005628          0.00045127          0.00047481          0.00080472          0.00087322
329         6573.48897796         -0.02108282          0.00004705          0.00005594          0.00044853          0.00047191          0.00079982          0.00086788
330         6593.52705411         -0.02097212          0.00004676          0.00005560          0.00044580          0.00046904          0.00079496          0.00086259
331         6613.56513026         -0.02086193          0.00004648          0.00005526          0.00044311          0.00046619          0.00079015          0.00085735
332         6633.60320641         -0.02075224          0.00004620          0.00005492          0.00044043          0.00046337          0.00078539          0.00085215
333         6653.64128257         -0.02064304          0.00004592          0.00005459          0.00043778          0.00046058          0.00078066          0.00084701
334         6673.67935872         -0.02053434          0.00004565          0.00005426          0.00043516          0.00045781          0.00077598          0.00084191
335         6693.71743487         -0.02042612          0.00004537          0.00005393          0.00043256          0.00045507          0.00077134          0.00083686
336         6713.75551102         -0.02031838          0.00004510          0.00005361          0.00042998          0.00045235          0.00076675          0.00083185
337         6733.79358717         -0.02021112          0.00004483          0.00005328          0.00042742          0.00044966          0.00076219          0.00082689
338         6753.83166333         -0.02010432          0.00004457          0.00005297          0.00042489          0.00044699          0.00075767          0.00082197
339         6773.86973948         -0.01999798          0.00004431          0.00005265          0.00042238          0.00044434          0.00075320          0.00081710
340         6793.90781563         -0.01989210          0.00004404          0.00005234          0.00041989          0.00044172          0.00074876          0.00081227
341         6813.94589178         -0.01978667          0.00004379          0.00005203          0.00041743          0.00043912          0.00074437          0.00080748
342         6833.98396794         -0.01968169          0.00004353          0.00005172          0.00041498          0.00043654          0.00074001          0.00080274
343         6854.02204409         -0.01957715          0.00004328          0.00005142          0.00041256          0.00043399          0.00073569          0.00079804
344         6874.06012024         -0.01947305          0.00004302          0.00005112          0.00041016          0.00043146          0.00073140          0.00079338
345         6894.09819639         -0.01936938          0.00004277          0.00005082          0.00040778          0.00042895          0.00072716          0.00078876
346         6914.13627255         -0.01926615          0.00004253          0.00005052          0.00040542          0.00042646          0.00072295          0.00078418
347         6934.17434870         -0.01916333          0.00004228          0.00005023          0.00040308          0.00042399          0.00071878          0.00077964
348         6954.21242485         -0.01906095          0.00004204          0.00004994          0.00040076          0.00042155          0.00071464          0.00077514
349         6974.25050100         -0.01895897          0.00004180          0.00004965          0.00039846          0.00041913          0.00071054          0.00077068
350         6994.28857715         -0.01885742          0.00004156          0.00004936          0.00039618          0.00041673          0.00070647          0.00076626
351         7014.32665331         -0.01875627          0.00004132          0.00004908          0.00039392          0.00041435          0.00070244          0.00076188
352         7034.36472946         -0.01865554          0.00004109          0.00004880          0.00039168          0.00041198          0.00069845          0.00075753
353         7054.40280561         -0.01855520          0.00004085          0.00004852          0.00038946          0.00040964          0.00069449          0.00075323
354         7074.44088176         -0.01845527          0.00004062          0.00004825          0.00038725          0.00040732          0.00069056          0.00074896
355         7094.47895792         -0.01835574          0.00004039          0.00004797          0.00038507          0.00040502          0.00068666          0.00074472
356         7114.51703407         -0.01825661          0.00004016          0.00004770          0.00038290          0.00040274          0.00068280          0.00074052
357         7134.55511022         -0.01815786          0.00003994          0.00004743          0.00038075          0.00040048          0.00067897          0.00073636
358         7154.59318637         -0.01805951          0.00003972          0.00004717          0.00037863          0.00039824          0.00067517          0.00073224
359         7174.63126253         -0.01796154          0.00003949          0.00004690          0.00037651          0.00039601          0.00067140          0.00072814
360         7194.66933868         -0.01786396          0.00003927          0.00004664          0.00037442          0.00039381          0.00066767          0.00072409
361         7214.70741483         -0.01776677          0.00003906          0.00004638          0.00037234          0.00039162          0.00066397          0.00072006
362         7234.74549098         -0.01766995          0.00003884          0.00004612          0.00037028          0.00038945          0.00066029          0.00071607
363         7254.78356713         -0.01757351          0.00003863          0.00004587          0.00036824          0.00038730          0.00065665          0.00071212
364         7274.82164329         -0.01747745          0.00003841          0.00004562          0.00036621          0.00038517          0.00065304          0.00070820
365         7294.85971944         -0.01738176          0.00003820          0.00004536          0.00036420          0.00038306          0.00064946          0.00070431
366         7314.89779559         -0.01728644          0.00003799          0.00004512          0.00036221          0.00038096          0.00064590          0.00070045
367         7334.93587174         -0.01719150          0.00003779          0.00004487          0.00036024          0.00037888          0.00064238          0.00069662
368         7354.97394790         -0.01709692          0.00003758          0.00004462          0.00035828          0.00037682          0.00063888          0.00069283
369         7375.01202405         -0.01700271          0.00003738          0.00004438          0.00035633          0.00037477          0.00063542          0.00068907
370         7395.05010020         -0.01690886          0.00003718          0.00004414          0.00035440          0.00037274          0.00063198          0.00068533
371         7415.08817635         -0.01681538          0.00003697          0.00004390          0.00035249          0.00037073          0.00062857          0.00068163
372         7435.12625251         -0.01672225          0.00003678          0.00004367          0.00035059          0.00036873          0.00062518          0.00067796
373         7455.16432866         -0.01662949          0.00003658          0.00004343          0.00034871          0.00036675          0.00062183          0.00067432
374         7475.20240481         -0.01653708          0.00003638          0.00004320          0.00034684          0.00036479          0.00061850          0.00067071
375         7495.24048096         -0.01644504          0.00003619          0.00004297          0.00034499          0.00036284          0.00061519          0.00066712
376         7515.27855711         -0.01635334          0.00003600          0.00004274          0.00034315          0.00036091          0.00061192          0.00066357
377         7535.31663327         -0.01626200          0.00003580          0.00004251          0.00034133          0.00035899          0.00060867          0.00066005
378         7555.35470942         -0.01617102          0.00003561          0.00004229          0.00033952          0.00035709          0.00060544          0.00065655
379         7575.39278557         -0.01608038          0.00003543          0.00004206          0.00033773          0.00035520          0.00060224          0.00065308
380         7595.43086172         -0.01599010          0.00003524          0.00004184          0.00033595          0.00035333          0.00059907          0.00064964
381         7615.46893788         -0.01590017          0.00003505          0.00004162          0.00033418          0.00035147          0.00059592          0.00064623
382         7635.50701403         -0.01581058          0.00003487          0.00004140          0.00033243          0.00034963          0.00059280          0.00064284
383         7655.54509018         -0.01572134          0.00003469          0.00004119          0.00033069          0.00034780          0.00058970          0.00063948
384         7675.58316633         -0.01563245          0.00003451          0.00004097          0.00032897          0.00034599          0.00058663          0.00063615
385         7695.62124249         -0.01554390          0.00003433          0.00004076          0.00032726          0.00034419          0.00058357          0.00063284
386         7715.65931864         -0.01545569          0.00003415          0.00004055          0.00032556          0.00034241          0.00058055          0.00062956
387         7735.69739479         -0.01536783          0.00003397          0.00004034          0.00032388          0.00034064          0.00057754          0.00062631
388         7755.73547094         -0.01528031          0.00003380          0.00004013          0.00032221          0.00033888          0.00057456          0.00062308
389         7775.77354709         -0.01519313          0.00003362          0.00003993          0.00032055          0.00033714          0.00057161          0.00061987
390         7795.81162325         -0.01510629          0.00003345          0.00003972          0.00031890          0.00033541          0.00056867          0.00061669
391         7815.84969940         -0.01501979          0.00003328          0.00003952          0.00031727          0.00033369          0.00056576          0.00061354
392         7835.88777555         -0.01493363          0.00003311          0.00003932          0.00031565          0.00033199          0.00056287          0.00061041
393         7855.92585170         -0.01484780          0.00003294          0.00003912          0.00031404          0.00033030          0.00056000          0.00060730
394         7875.96392786         -0.01476232          0.00003277          0.00003892          0.00031244          0.00032862          0.00055715          0.00060422
395         7896.00200401         -0.01467717          0.00003261          0.00003872          0.00031086          0.00032696          0.00055433          0.00060116
396         7916.04008016         -0.01459235          0.00003244          0.00003853          0.00030929          0.00032530          0.00055153          0.00059813
397         7936.07815631         -0.01450787          0.00003228          0.00003833          0.00030773          0.00032367          0.00054875          0.00059512
398         7956.11623246         -0.01442372          0.00003212          0.00003814          0.00030618          0.00032204          0.00054599          0.00059213
399         7976.15430862         -0.01433991          0.00003196          0.00003795          0.00030464          0.00032042          0.00054325          0.00058916
400         7996.19238477         -0.01425643          0.00003180          0.00003776          0.00030312          0.00031882          0.00054053          0.00058622
401         8016.23046092         -0.01417328          0.00003164          0.00003757          0.00030161          0.00031723          0.00053783          0.00058330
402         8036.26853707         -0.01409046          0.00003148          0.00003739          0.00030010          0.00031565          0.00053515          0.00058040
403         8056.30661323         -0.01400798          0.00003132          0.00003720          0.00029861          0.00031409          0.00053249          0.00057752
404         8076.34468938         -0.01392582          0.00003117          0.00003702          0.00029713          0.00031253          0.00052985          0.00057467
405         8096.38276553         -0.01384399          0.00003101          0.00003684          0.00029566          0.00031099          0.00052723          0.00057183
406         8116.42084168         -0.01376250          0.00003086          0.00003666          0.00029421          0.00030946          0.00052463          0.00056902
407         8136.45891784         -0.01368133          0.00003071          0.00003648          0.00029276          0.00030794          0.00052205          0.00056623
408         8156.49699399         -0.01360049          0.00003056          0.00003630          0.00029132          0.00030643          0.00051949          0.00056346
409         8176.53507014         -0.01351997          0.00003041          0.00003612          0.00028989          0.00030493          0.00051695          0.00056071
410         8196.57314629         -0.01343978          0.00003026          0.00003595          0.00028848          0.00030345          0.00051442          0.00055798
411         8216.61122244         -0.01335992          0.00003011          0.00003577          0.00028707          0.00030197          0.00051192          0.00055527
412         8236.64929860         -0.01328039          0.00002997          0.00003560          0.00028568          0.00030051          0.00050943          0.00055258
413         8256.68737475         -0.01320118          0.00002982          0.00003543          0.00028429          0.00029905          0.00050696          0.00054991
414         8276.72545090         -0.01312229          0.00002968          0.00003526          0.00028292          0.00029761          0.00050451          0.00054726
415         8296.76352705         -0.01304373          0.00002953          0.00003509          0.00028155          0.00029618          0.00050207          0.00054463
416         8316.80160321         -0.01296549          0.00002939          0.00003492          0.00028020          0.00029476          0.00049966          0.00054202
417         8336.83967936         -0.01288758          0.00002925          0.00003476          0.00027885          0.00029334          0.00049726          0.00053942
418         8356.87775551         -0.01280999          0.00002911          0.00003459          0.00027752          0.00029194          0.00049487          0.00053685
419         8376.91583166         -0.01273272          0.00002897          0.00003443          0.00027619          0.00029055          0.00049251          0.00053429
420         8396.95390782         -0.01265577          0.00002883          0.00003427          0.00027488          0.00028917          0.00049016          0.00053176
421         8416.99198397         -0.01257914          0.00002870          0.00003410          0.00027357          0.00028780          0.00048783          0.00052924
422         8437.03006012         -0.01250284          0.00002856          0.00003394          0.00027227          0.00028643          0.00048552          0.00052674
423         8457.06813627         -0.01242685          0.00002842          0.00003379          0.00027098          0.00028508          0.00048322          0.00052426
424         8477.10621242         -0.01235118          0.00002829          0.00003363          0.00026970          0.00028374          0.00048094          0.00052179
425         8497.14428858         -0.01227584          0.00002816          0.00003347          0.00026843          0.00028241          0.00047867          0.00051934
426         8517.18236473         -0.01220081          0.00002802          0.00003331          0.00026717          0.00028108          0.00047642          0.00051692
427         8537.22044088         -0.01212610          0.00002789          0.00003316          0.00026592          0.00027977          0.00047419          0.00051450
428         8557.25851703         -0.01205171          0.00002776          0.00003301          0.00026467          0.00027846          0.00047197          0.00051211
429         8577.29659319         -0.01197763          0.00002763          0.00003285          0.00026344          0.00027717          0.00046977          0.00050973
430         8597.33466934         -0.01190388          0.00002750          0.00003270          0.00026221          0.00027588          0.00046758          0.00050737
431         8617.37274549         -0.01183043          0.00002738          0.00003255          0.00026099          0.00027460          0.00046541          0.00050502
432         8637.41082164         -0.01175731          0.00002725          0.00003240          0.00025978          0.00027333          0.00046325          0.00050270
433         8657.44889780         -0.01168450          0.00002712          0.00003226          0.00025858          0.00027208          0.00046111          0.00050038
434         8677.48697395         -0.01161200          0.00002700          0.00003211          0.00025739          0.00027082          0.00045898          0.00049809
435         8697.52505010         -0.01153982          0.00002687          0.00003196          0.00025621          0.00026958          0.00045687          0.00049581
436         8717.56312625         -0.01146796          0.00002675          0.00003182          0.00025503          0.00026835          0.00045477          0.00049355
437         8737.60120240         -0.01139641          0.00002663          0.00003167          0.00025386          0.00026712          0.00045269          0.00049130
438         8757.63927856         -0.01132517          0.00002651          0.00003153          0.00025270          0.00026591          0.00045062          0.00048907
439         8777.67735471         -0.01125424          0.00002639          0.00003139          0.00025155          0.00026470          0.00044856          0.00048685
440         8797.71543086         -0.01118362          0.00002627          0.00003125          0.00025040          0.00026350          0.00044652          0.00048465
441         8817.75350701         -0.01111332          0.00002615          0.00003111          0.00024927          0.00026231          0.00044450          0.00048246
442         8837.79158317         -0.01104333          0.00002603          0.00003097          0.00024814          0.00026112          0.00044248          0.00048029
443         8857.82965932         -0.01097365          0.00002591          0.00003083          0.00024702          0.00025995          0.00044048          0.00047813
444         8877.86773547         -0.01090427          0.00002579          0.00003070          0.00024590          0.00025878          0.00043850          0.00047599
445         8897.90581162         -0.01083521          0.00002568          0.00003056          0.00024480          0.00025762          0.00043652          0.00047386
446         8917.94388778         -0.01076646          0.00002556          0.00003042          0.00024370          0.00025647          0.00043456          0.00047175
447         8937.98196393         -0.01069801          0.00002545          0.00003029          0.00024261          0.00025532          0.00043262          0.00046965
448         8958.02004008         -0.01062988          0.00002533          0.00003016          0.00024152          0.00025419          0.00043068          0.00046757
449         8978.05811623         -0.01056205          0.00002522          0.00003002          0.00024044          0.00025306          0.00042876          0.00046550
450         8998.09619238         -0.01049452          0.00002511          0.00002989          0.00023937          0.00025194          0.00042686          0.00046345
451         9018.13426854         -0.01042731          0.00002500          0.00002976          0.00023831          0.00025083          0.00042496          0.00046140
452         9038.17234469         -0.01036040          0.00002489          0.00002963          0.00023726          0.00024972          0.00042308          0.00045938
453         9058.21042084         -0.01029379          0.00002478          0.00002950          0.00023621          0.00024862          0.00042121          0.00045736
454         9078.24849699         -0.01022749          0.00002467          0.00002938          0.00023517          0.00024753          0.00041935          0.00045536
455         9098.28657315         -0.01016149          0.00002456          0.00002925          0.00023413          0.00024645          0.00041751          0.00045337
456         9118.32464930         -0.01009580          0.00002445          0.00002912          0.00023310          0.00024537          0.00041567          0.00045140
457         9138.36272545         -0.01003041          0.00002434          0.00002900          0.00023208          0.00024430          0.00041385          0.00044944
458         9158.40080160         -0.00996532          0.00002424          0.00002887          0.00023107          0.00024324          0.00041204          0.00044749
459         9178.43887776         -0.00990054          0.00002413          0.00002875          0.00023006          0.00024218          0.00041025          0.00044555
460         9198.47695391         -0.00983605          0.00002403          0.00002863          0.00022906          0.00024113          0.00040846          0.00044363
461         9218.51503006         -0.00977187          0.00002392          0.00002851          0.00022806          0.00024009          0.00040669          0.00044172
462         9238.55310621         -0.00970799          0.00002382          0.00002838          0.00022708          0.00023906          0.00040493          0.00043982
463         9258.59118236         -0.00964440          0.00002372          0.00002826          0.00022609          0.00023803          0.00040318          0.00043794
464         9278.62925852         -0.00958112          0.00002361          0.00002814          0.00022512          0.00023701          0.00040144          0.00043607
465         9298.66733467         -0.00951813          0.00002351          0.00002803          0.00022415          0.00023599          0.00039971          0.00043421
466         9318.70541082         -0.00945544          0.00002341          0.00002791          0.00022319          0.00023498          0.00039799          0.00043236
467         9338.74348697         -0.00939305          0.00002331          0.00002779          0.00022223          0.00023398          0.00039628          0.00043052
468         9358.78156313         -0.00933096          0.00002321          0.00002767          0.00022128          0.00023299          0.00039459          0.00042870
469         9378.81963928         -0.00926916          0.00002311          0.00002756          0.00022033          0.00023200          0.00039290          0.00042689
470         9398.85771543         -0.00920766          0.00002301          0.00002744          0.00021940          0.00023102          0.00039123          0.00042509
471         9418.89579158         -0.00914645          0.00002292          0.00002733          0.00021846          0.00023004          0.00038957          0.00042330
472         9438.93386774         -0.00908553          0.00002282          0.00002722          0.00021754          0.00022907          0.00038792          0.00042152
473         9458.97194389         -0.00902491          0.00002272          0.00002710          0.00021662          0.00022811          0.00038627          0.00041976
474         9479.01002004         -0.00896458          0.00002263          0.00002699          0.00021570          0.00022715          0.00038464          0.00041800
475         9499.04809619         -0.00890454          0.00002253          0.00002688          0.00021479          0.00022620          0.00038302          0.00041626
476         9519.08617234         -0.00884480          0.00002244          0.00002677          0.00021389          0.00022525          0.00038141          0.00041453
477         9539.12424850         -0.00878534          0.00002234          0.00002666          0.00021299          0.00022431          0.00037981          0.00041281
478         9559.16232465         -0.00872618          0.00002225          0.00002655          0.00021210          0.00022338          0.00037822          0.00041110
479         9579.20040080         -0.00866730          0.00002216          0.00002644          0.00021121          0.00022245          0.00037664          0.00040940
480         9599.23847695         -0.00860872          0.00002206          0.00002634          0.00021033          0.00022153          0.00037507          0.00040771
481         9619.27655311         -0.00855042          0.00002197          0.00002623          0.00020946          0.00022062          0.00037351          0.00040603
482         9639.31462926         -0.00849241          0.00002188          0.00002612          0.00020859          0.00021971          0.00037196          0.00040436
483         9659.35270541         -0.00843468          0.00002179          0.00002602          0.00020772          0.00021880          0.00037041          0.00040271
484         9679.39078156         -0.00837724          0.00002170          0.00002591          0.00020686          0.00021790          0.00036888          0.00040106
485         9699.42885772         -0.00832009          0.00002161          0.00002581          0.00020601          0.00021701          0.00036736          0.00039943
486         9719.46693387         -0.00826322          0.00002152          0.00002571          0.00020516          0.00021612          0.00036585          0.00039780
487         9739.50501002         -0.00820664          0.00002143          0.00002560          0.00020432          0.00021524          0.00036434          0.00039619
488         9759.54308617         -0.00815033          0.00002134          0.00002550          0.00020348          0.00021436          0.00036285          0.00039458
489         9779.58116232         -0.00809431          0.00002126          0.00002540          0.00020265          0.00021349          0.00036136          0.00039299
490         9799.61923848         -0.00803858          0.00002117          0.00002530          0.00020182          0.00021263          0.00035989          0.00039140
491         9819.65731463         -0.00798312          0.00002108          0.00002520          0.00020100          0.00021177          0.00035842          0.00038983
492         9839.69539078         -0.00792794          0.00002100          0.00002510          0.00020018          0.00021091          0.00035696          0.00038826
493         9859.73346693         -0.00787305          0.00002091          0.00002500          0.00019937          0.00021006          0.00035551          0.00038670
494         9879.77154309         -0.00781843          0.00002083          0.00002490          0.00019856          0.00020922          0.00035407          0.00038516
495         9899.80961924         -0.00776409          0.00002074          0.00002480          0.00019775          0.00020838          0.00035264          0.00038362
496         9919.84769539         -0.00771002          0.00002066          0.00002471          0.00019696          0.00020755          0.00035122          0.00038209
497         9939.88577154         -0.00765624          0.00002058          0.00002461          0.00019616          0.00020672          0.00034980          0.00038058
498         9959.92384770         -0.00760273          0.00002049          0.00002452          0.00019537          0.00020589          0.00034839          0.00037907
499         9979.96192385         -0.00754949          0.00002041          0.00002442          0.00019459          0.00020507          0.00034700          0.00037757
500        10000.00000000         -0.00749653          0.00002033          0.00002433          0.00019381          0.00020426          0.00034561          0.00037608
