  1            1.00000000          3.99783315         35.99790142         63.99794959         -1.01251896
  2            4.20883534          3.96092189         35.96092218         63.96092424         -1.01251896
  3            7.41767068          3.87947747         35.87947757         63.87947822         -1.01251896
  4           10.62650602          3.75533859         35.75533866         63.75532943         -1.01251896
  5           13.83534137          3.59132199         35.59132206         63.59127084         -1.01251896
  6           17.04417671          3.39104683         35.39104688         63.39086866         -1.01251896
  7           20.25301205          3.15877439         35.15877433         63.15828765         -1.01251896
  8           23.46184739          2.89922985         34.89922941         62.89810023         -1.01251896
  9           26.67068273          2.61741847         34.61741688         62.61509374         -1.01251896
 10           29.87951807          2.31844743         34.31844289         62.31408866         -1.01251896
 11           33.08835341          2.00736293         34.00735168         61.99977807         -1.01251896
 12           36.29718876          1.68900939         33.68898438         61.67659520         -1.01251896
 13           39.50602410          1.36791517         33.36786431         61.34861245         -1.01251896
 14           42.71485944          1.04820645         33.04811044         61.01947240         -1.01251896
 15           45.92369478          0.73354879         32.73337867         60.69234857         -1.01251896
 16           49.13253012          0.42711427         32.42682888         60.36993234         -1.01251896
 17           52.34136546          0.13157098         32.13111444         60.05444121         -1.01251896
 18           55.55020080         -0.15090897         31.84839037         59.74764334         -1.01251896
 19           58.75903614         -0.41862702         31.58033606         59.45089365         -1.01251896
 20           61.96787149         -0.67032511         31.32818863         59.16517702         -1.01251896
 21           65.17670683         -0.90514544         31.09278331         58.89115491         -1.01251896
 22           68.38554217         -1.12258628         30.87459781         58.62921267         -1.01251896
 23           71.59437751         -1.32245607         30.67379815         58.37950521         -1.01251896
 24           74.80321285         -1.50482790         30.49028402         58.14199961         -1.01251896
 25           78.01204819         -1.66999580         30.32373217         57.91651377         -1.01251896
 26           81.22088353         -1.81843381         30.17363691         57.70275056         -1.01251896
 27           84.42971888         -1.95075858         30.03934707         57.50032742         -1.01251896
 28           87.63855422         -2.06769576         29.92009918         57.30880139         -1.01251896
 29           90.84738956         -2.17005041         29.81504665         57.12768998         -1.01251896
 30           94.05622490         -2.25868133         29.72328523         56.95648815         -1.01251896
 31           97.26506024         -2.33447914         29.64387477         56.79468187         -1.01251896
 32          100.47389558         -2.39834790         29.57585768         56.64175870         -1.01251896
 33          103.68273092         -2.45118994         29.51827434         56.49721582         -1.01251896
 34          106.89156627         -2.49389360         29.47017574         56.36056588         -1.01251896
 35          110.10040161         -2.52732351         29.43063380         56.23134113         -1.01251896
 36          113.30923695         -2.55231311         29.39874948         56.10909603         -1.01251896
 37          116.51807229         -2.56965908         29.37365915         55.99340880         -1.01251896
 38          119.72690763         -2.58011743         29.35453935         55.88388194         -1.01251896
 39          122.93574297         -2.58440094         29.34061027         55.78014219         -1.01251896
 40          126.14457831         -2.58317773         29.33113802         55.68183990         -1.01251896
 41          129.35341365         -2.57707077         29.32543603         55.58864804         -1.01251896
 42          132.56224900         -2.56665811         29.32286558         55.50026099         -1.01251896
 43          135.77108434         -2.55247372         29.32283578         55.41639314         -1.01251896
 44          138.97991968         -2.53500881         29.32480290         55.33677750         -1.01251896
 45          142.18875502         -2.51471340         29.32826938         55.26116419         -1.01251896
 46          145.39759036         -2.49199822         29.33278239         55.18931900         -1.01251896
 47          148.60642570         -2.46723675         29.33793221         55.12102207         -1.01251896
 48          151.81526104         -2.44076735         29.34335034         55.05606655         -1.01251896
 49          155.02409639         -2.41289546         29.34870752         54.99425744         -1.01251896
 50          158.23293173         -2.38389577         29.35371160         54.93541048         -1.01251896
 51          161.44176707         -2.35401444         29.35810538         54.87935123         -1.01251896
 52          164.65060241         -2.32347119         29.36166438         54.82591412         -1.01251896
 53          167.85943775         -2.29246135         29.36419466         54.77494176         -1.01251896
 54          171.06827309         -2.26115786         29.36553063         54.72628423         -1.01251896
 55          174.27710843         -2.22971311         29.36553290         54.67979854         -1.01251896
 56          177.48594378         -2.19826075         29.36408621         54.63534809         -1.01251896
 57          180.69477912         -2.16691736         29.36109737         54.59280234         -1.01251896
 58          183.90361446         -2.13578399         29.35649337         54.55203635         -1.01251896
 59          187.11244980         -2.10494768         29.35021952         54.51293058         -1.01251896
 60          190.32128514         -2.07448277         29.34223763         54.47537059         -1.01251896
 61          193.53012048         -2.04445218         29.33252442         54.43924685         -1.01251896
 62          196.73895582         -2.01490860         29.32106990         54.40445460         -1.01251896
 63          199.94779116         -1.98589553         29.30787588         54.37089365         -1.01251896
 64          203.15662651         -1.95744829         29.29295467         54.33846830         -1.01251896
 65          206.36546185         -1.92959493         29.27632770         54.30708725         -1.01251896
 66          209.57429719         -1.90235703         29.25802440         54.27666344         -1.01251896
 67          212.78313253         -1.87575047         29.23808110         54.24711404         -1.01251896
 68          215.99196787         -1.84978611         29.21653999         54.21836034         -1.01251896
 69          219.20080321         -1.82447042         29.19344822         54.19032764         -1.01251896
 70          222.40963855         -1.79980601         29.16885707         54.16294525         -1.01251896
 71          225.61847390         -1.77579220         29.14282115         54.13614632         -1.01251896
 72          228.82730924         -1.75242540         29.11539774         54.10986784         -1.01251896
 73          232.03614458         -1.72969958         29.08664615         54.08405050         -1.01251896
 74          235.24497992         -1.70760661         29.05662719         54.05863862         -1.01251896
 75          238.45381526         -1.68613660         29.02540262         54.03358008         -1.01251896
 76          241.66265060         -1.66527816         28.99303474         54.00882617         -1.01251896
 77          244.87148594         -1.64501874         28.95958601         53.98433156         -1.01251896
 78          248.08032129         -1.62534476         28.92511866         53.96005411         -1.01251896
 79          251.28915663         -1.60624190         28.88969444         53.93595483         -1.01251896
 80          254.49799197         -1.58769522         28.85337433         53.91199774         -1.01251896
 81          257.70682731         -1.56968935         28.81621830         53.88814976         -1.01251896
 82          260.91566265         -1.55220864         28.77828518         53.86438059         -1.01251896
 83          264.12449799         -1.53523725         28.73963242         53.84066260         -1.01251896
 84          267.33333333         -1.51875925         28.70031604         53.81697068         -1.01251896
 85          270.54216867         -1.50275876         28.66039042         53.79328218         -1.01251896
 86          273.75100402         -1.48721997         28.61990834         53.76957674         -1.01251896
 87          276.95983936         -1.47212725         28.57892078         53.74583617         -1.01251896
 88          280.16867470         -1.45746516         28.53747698         53.72204439         -1.01251896
 89          283.37751004         -1.44321855         28.49562434         53.69818724         -1.01251896
 90          286.58634538         -1.42937257         28.45340842         53.67425241         -1.01251896
 91          289.79518072         -1.41591269         28.41087294         53.65022933         -1.01251896
 92          293.00401606         -1.40282474         28.36805978         53.62610904         -1.01251896
 93          296.21285141         -1.39009494         28.32500896         53.60188411         -1.01251896
 94          299.42168675         -1.37770990         28.28175872         53.57754850         -1.01251896
 95          302.63052209         -1.36565662         28.23834548         53.55309749         -1.01251896
 96          305.83935743         -1.35392253         28.19480392         53.52852761         -1.01251896
 97          309.04819277         -1.34249546         28.15116701         53.50383646         -1.01251896
 98          312.25702811         -1.33136367         28.10746601         53.47902274         -1.01251896
 99          315.46586345         -1.32051581         28.06373058         53.45408605         -1.01251896
100          318.67469880         -1.30994097         28.01998875         53.42902689         -1.01251896
101          321.88353414         -1.29962862         27.97626704         53.40384656         -1.01251896
102          325.09236948         -1.28956864         27.93259048         53.37854707         -1.01251896
103          328.30120482         -1.27975132         27.88898262         53.35313111         -1.01251896
104          331.51004016         -1.27016729         27.84546567         53.32760192         -1.01251896
105          334.71887550         -1.26080759         27.80206046         53.30196330         -1.01251896
106          337.92771084         -1.25166360         27.75878657         53.27621951         -1.01251896
107          341.13654618         -1.24272708         27.71566231         53.25037523         -1.01251896
108          344.34538153         -1.23399011         27.67270484         53.22443549         -1.01251896
109          347.55421687         -1.22544510         27.62993015         53.19840565         -1.01251896
110          350.76305221         -1.21708480         27.58735318         53.17229135         -1.01251896
111          353.97188755         -1.20890224         27.54498780         53.14609843         -1.01251896
112          357.18072289         -1.20089077         27.50284692         53.11983296         -1.01251896
113          360.38955823         -1.19304402         27.46094249         53.09350113         -1.01251896
114          363.59839357         -1.18535589         27.41928555         53.06710928         -1.01251896
115          366.80722892         -1.17782056         27.37788631         53.04066383         -1.01251896
116          370.01606426         -1.17043244         27.33675415         53.01417126         -1.01251896
117          373.22489960         -1.16318620         27.29589768         52.98763810         -1.01251896
118          376.43373494         -1.15607675         27.25532479         52.96107089         -1.01251896
119          379.64257028         -1.14909919         27.21504264         52.93447616         -1.01251896
120          382.85140562         -1.14224888         27.17505777         52.90786041         -1.01251896
121          386.06024096         -1.13552135         27.13537607         52.88123011         -1.01251896
122          389.26907631         -1.12891234         27.09600285         52.85459165         -1.01251896
123          392.47791165         -1.12241776         27.05694286         52.82795136         -1.01251896
124          395.68674699         -1.11603373         27.01820031         52.80131548         -1.01251896
125          398.89558233         -1.10975651         26.97977895         52.77469015         -1.01251896
126          402.10441767         -1.10358254         26.94168202         52.74808140         -1.01251896
127          405.31325301         -1.09750840         26.90391233         52.72149515         -1.01251896
128          408.52208835         -1.09153083         26.86647229         52.69493717         -1.01251896
129          411.73092369         -1.08564671         26.82936390         52.66841313         -1.01251896
130          414.93975904         -1.07985304         26.79258880         52.64192854         -1.01251896
131          418.14859438         -1.07414697         26.75614829         52.61548878         -1.01251896
132          421.35742972         -1.06852574         26.72004333         52.58909907         -1.01251896
133          424.56626506         -1.06298674         26.68427461         52.56276449         -1.01251896
134          427.77510040         -1.05752745         26.64884250         52.53648998         -1.01251896
135          430.98393574         -1.05214545         26.61374712         52.51028029         -1.01251896
136          434.19277108         -1.04683843         26.57898836         52.48414006         -1.01251896
137          437.40160643         -1.04160418         26.54456585         52.45807375         -1.01251896
138          440.61044177         -1.03644057         26.51047902         52.43208566         -1.01251896
139          443.81927711         -1.03134555         26.47672711         52.40617994         -1.01251896
140          447.02811245         -1.02631716         26.44330916         52.38036061         -1.01251896
141          450.23694779         -1.02135351         26.41022405         52.35463149         -1.01251896
142          453.44578313         -1.01645279         26.37747048         52.32899629         -1.01251896
143          456.65461847         -1.01161326         26.34504704         52.30345855         -1.01251896
144          459.86345382         -1.00683324         26.31295215         52.27802166         -1.01251896
145          463.07228916         -1.00211112         26.28118412         52.25268889         -1.01251896
146          466.28112450         -0.99744533         26.24974116         52.22746334         -1.01251896
147          469.48995984         -0.99283437         26.21862136         52.20234797         -1.01251896
148          472.69879518         -0.98827681         26.18782271         52.17734562         -1.01251896
149          475.90763052         -0.98377124         26.15734313         52.15245898         -1.01251896
150          479.11646586         -0.97931631         26.12718046         52.12769063         -1.01251896
151          482.32530120         -0.97491071         26.09733246         52.10304299         -1.01251896
152          485.53413655         -0.97055320         26.06779684         52.07851838         -1.01251896
153          488.74297189         -0.96624254         26.03857124         52.05411899         -1.01251896
154          491.95180723         -0.96197755         26.00965327         52.02984689         -1.01251896
155          495.16064257         -0.95775709         25.98104047         52.00570403         -1.01251896
156          498.36947791         -0.95358004         25.95273038         51.98169226         -1.01251896
157          501.57831325         -0.94944534         25.92472047         51.95781331         -1.01251896
158          504.78714859         -0.94535192         25.89700821         51.93406882         -1.01251896
159          507.99598394         -0.94129876         25.86959104         51.91046030         -1.01251896
160          511.20481928         -0.93728489         25.84246638         51.88698920         -1.01251896
161          514.41365462         -0.93330932         25.81563163         51.86365684         -1.01251896
162          517.62248996         -0.92937113         25.78908419         51.84046447         -1.01251896
163          520.83132530         -0.92546938         25.76282146         51.81741324         -1.01251896
164          524.04016064         -0.92160320         25.73684082         51.79450421         -1.01251896
165          527.24899598         -0.91777169         25.71113968         51.77173837         -1.01251896
166          530.45783133         -0.91397401         25.68571541         51.74911663         -1.01251896
167          533.66666667         -0.91020931         25.66056543         51.72663982         -1.01251896
168          536.87550201         -0.90647679         25.63568714         51.70430868         -1.01251896
169          540.08433735         -0.90277563         25.61107796         51.68212390         -1.01251896
170          543.29317269         -0.89910505         25.58673534         51.66008610         -1.01251896
171          546.50200803         -0.89546428         25.56265671         51.63819583         -1.01251896
172          549.71084337         -0.89185255         25.53883956         51.61645357         -1.01251896
173          552.91967871         -0.88826913         25.51528136         51.59485975         -1.01251896
174          556.12851406         -0.88471328         25.49197964         51.57341475         -1.01251896
175          559.33734940         -0.88118427         25.46893191         51.55211887         -1.01251896
176          562.54618474         -0.87768141         25.44613573         51.53097239         -1.01251896
177          565.75502008         -0.87420398         25.42358868         51.50997550         -1.01251896
178          568.96385542         -0.87075131         25.40128838         51.48912838         -1.01251896
179          572.17269076         -0.86732271         25.37923245         51.46843115         -1.01251896
180          575.38152610         -0.86391751         25.35741854         51.44788387         -1.01251896
181          578.59036145         -0.86053505         25.33584436         51.42748659         -1.01251896
182          581.79919679         -0.85717467         25.31450763         51.40723928         -1.01251896
183          585.00803213         -0.85383573         25.29340608         51.38714191         -1.01251896
184          588.21686747         -0.85051759         25.27253750         51.36719440         -1.01251896
185          591.42570281         -0.84721961         25.25189970         51.34739663         -1.01251896
186          594.63453815         -0.84394118         25.23149052         51.32774846         -1.01251896
187          597.84337349         -0.84068166         25.21130784         51.30824970         -1.01251896
188          601.05220884         -0.83744046         25.19134956         51.28890014         -1.01251896
189          604.26104418         -0.83421695         25.17161363         51.26969956         -1.01251896
190          607.46987952         -0.83101054         25.15209800         51.25064768         -1.01251896
191          610.67871486         -0.82782064         25.13280069         51.23174423         -1.01251896
192          613.88755020         -0.82464664         25.11371973         51.21298888         -1.01251896
193          617.09638554         -0.82148796         25.09485320         51.19438132         -1.01251896
194          620.30522088         -0.81834403         25.07619919         51.17592119         -1.01251896
195          623.51405622         -0.81521425         25.05775583         51.15760811         -1.01251896
196          626.72289157         -0.81209806         25.03952130         51.13944170         -1.01251896
197          629.93172691         -0.80899489         25.02149380         51.12142154         -1.01251896
198          633.14056225         -0.80590418         25.00367155         51.10354722         -1.01251896
199          636.34939759         -0.80282535         24.98605283         51.08581829         -1.01251896
200          639.55823293         -0.79975786         24.96863592         51.06823430         -1.01251896
201          642.76706827         -0.79670115         24.95141917         51.05079479         -1.01251896
202          645.97590361         -0.79365467         24.93440092         51.03349927         -1.01251896
203          649.18473896         -0.79061788         24.91757956         51.01634725         -1.01251896
204          652.39357430         -0.78759023         24.90095353         50.99933824         -1.01251896
205          655.60240964         -0.78457117         24.88452127         50.98247173         -1.01251896
206          658.81124498         -0.78156019         24.86828127         50.96574719         -1.01251896
207          662.02008032         -0.77855673         24.85223203         50.94916410         -1.01251896
208          665.22891566         -0.77556029         24.83637211         50.93272192         -1.01251896
209          668.43775100         -0.77257031         24.82070008         50.91642011         -1.01251896
210          671.64658635         -0.76958630         24.80521453         50.90025813         -1.01251896
211          674.85542169         -0.76660772         24.78991410         50.88423542         -1.01251896
212          678.06425703         -0.76363406         24.77479744         50.86835142         -1.01251896
213          681.27309237         -0.76066481         24.75986324         50.85260556         -1.01251896
214          684.48192771         -0.75769946         24.74511022         50.83699729         -1.01251896
215          687.69076305         -0.75473749         24.73053711         50.82152604         -1.01251896
216          690.89959839         -0.75177842         24.71614269         50.80619122         -1.01251896
217          694.10843373         -0.74882173         24.70192574         50.79099226         -1.01251896
218          697.31726908         -0.74586694         24.68788508         50.77592859         -1.01251896
219          700.52610442         -0.74291354         24.67401957         50.76099963         -1.01251896
220          703.73493976         -0.73996105         24.66032807         50.74620479         -1.01251896
221          706.94377510         -0.73700898         24.64680948         50.73154350         -1.01251896
222          710.15261044         -0.73405684         24.63346271         50.71701518         -1.01251896
223          713.36144578         -0.73110417         24.62028670         50.70261923         -1.01251896
224          716.57028112         -0.72815047         24.60728044         50.68835509         -1.01251896
225          719.77911647         -0.72519528         24.59444289         50.67422217         -1.01251896
226          722.98795181         -0.72223812         24.58177308         50.66021989         -1.01251896
227          726.19678715         -0.71927852         24.56927003         50.64634767         -1.01251896
228          729.40562249         -0.71631604         24.55693281         50.63260493         -1.01251896
229          732.61445783         -0.71335019         24.54476049         50.61899111         -1.01251896
230          735.82329317         -0.71038053         24.53275217         50.60550561         -1.01251896
231          739.03212851         -0.70740660         24.52090697         50.59214789         -1.01251896
232          742.24096386         -0.70442795         24.50922402         50.57891735         -1.01251896
233          745.44979920         -0.70144414         24.49770250         50.56581344         -1.01251896
234          748.65863454         -0.69845472         24.48634156         50.55283559         -1.01251896
235          751.86746988         -0.69545925         24.47514042         50.53998325         -1.01251896
236          755.07630522         -0.69245729         24.46409828         50.52725584         -1.01251896
237          758.28514056         -0.68944842         24.45321438         50.51465282         -1.01251896
238          761.49397590         -0.68643220         24.44248798         50.50217364         -1.01251896
239          764.70281124         -0.68340821         24.43191834         50.48981775         -1.01251896
240          767.91164659         -0.68037602         24.42150476         50.47758459         -1.01251896
241          771.12048193         -0.67733522         24.41124653         50.46547364         -1.01251896
242          774.32931727         -0.67428539         24.40114297         50.45348436         -1.01251896
243          777.53815261         -0.67122612         24.39119343         50.44161621         -1.01251896
244          780.74698795         -0.66815700         24.38139726         50.42986866         -1.01251896
245          783.95582329         -0.66507763         24.37175382         50.41824118         -1.01251896
246          787.16465863         -0.66198761         24.36226249         50.40673327         -1.01251896
247          790.37349398         -0.65888654         24.35292269         50.39534440         -1.01251896
248          793.58232932         -0.65577403         24.34373381         50.38407406         -1.01251896
249          796.79116466         -0.65264969         24.33469530         50.37292174         -1.01251896
250          800.00000000         -0.64951313         24.32580658         50.36188695         -1.01251896
