  1            1.00000000       2032.98647702      19381.13778619      34560.77121024
  2            9.01402806         25.02054002        238.52914866        425.34919389
  3           17.02805611          7.01139355         66.84195194        119.19369409
  4           25.04208417          3.24185472         30.90568169         55.11153193
  5           33.05611222          1.86050543         17.73681844         31.62859328
  6           41.07014028          1.20526381         11.49018170         20.48948547
  7           49.08416834          0.84382350          8.04445072         14.34499996
  8           57.09819639          0.62357646          5.94476223         10.60080010
  9           65.11222445          0.47952298          4.57145242          8.15189092
 10           73.12625251          0.38017876          3.62437089          6.46303919
 11           81.14028056          0.30878876          2.94378616          5.24940904
 12           89.15430862          0.25577013          2.43834187          4.34809228
 13           97.16833667          0.21532029          2.05272009          3.66044502
 14          105.18236473          0.18375900          1.75183584          3.12390317
 15          113.19639279          0.15866068          1.51256516          2.69723167
 16          121.21042084          0.13837402          1.31916570          2.35235849
 17          129.22444890          0.12174331          1.16061958          2.06963637
 18          137.23847695          0.10794007          1.02902871          1.83498131
 19          145.25250501          0.09635788          0.91861177          1.63808398
 20          153.26653307          0.08654457          0.82505823          1.47125773
 21          161.28056112          0.07815746          0.74510112          1.32867687
 22          169.29458918          0.07093300          0.67622794          1.20586106
 23          177.30861723          0.06466582          0.61648084          1.09931901
 24          185.32264529          0.05919398          0.56431590          1.00629762
 25          193.33667335          0.05438837          0.51850242          0.92460224
 26          201.35070140          0.05014506          0.47804962          0.85246613
 27          209.36472946          0.04637965          0.44215265          0.78845404
 28          217.37875752          0.04302296          0.41015222          0.73139034
 29          225.39278557          0.04001792          0.38150413          0.68030459
 30          233.40681363          0.03731706          0.35575598          0.63439005
 31          241.42084168          0.03488068          0.33252917          0.59297162
 32          249.43486974          0.03267534          0.31150494          0.55548085
 33          257.44889780          0.03067273          0.29241335          0.52143641
 34          265.46292585          0.02884873          0.27502458          0.49042847
 35          273.47695391          0.02718273          0.25914200          0.46210637
 36          281.49098196          0.02565698          0.24459653          0.43616866
 37          289.50501002          0.02425618          0.23124220          0.41235499
 38          297.51903808          0.02296704          0.21895242          0.39043964
 39          305.53306613          0.02177800          0.20761696          0.37022606
 40          313.54709419          0.02067897          0.19713953          0.35154252
 41          321.56112224          0.01966108          0.18743565          0.33423841
 42          329.57515030          0.01871654          0.17843102          0.31818119
 43          337.58917836          0.01783846          0.17006002          0.30325390
 44          345.60320641          0.01702076          0.16226458          0.28935294
 45          353.61723447          0.01625802          0.15499312          0.27638634
 46          361.63126253          0.01554542          0.14819970          0.26427221
 47          369.64529058          0.01487867          0.14184333          0.25293741
 48          377.65931864          0.01425391          0.13588730          0.24231652
 49          385.67334669          0.01366769          0.13029868          0.23235080
 50          393.68737475          0.01311691          0.12504787          0.22298746
 51          401.70140281          0.01259876          0.12010818          0.21417892
 52          409.71543086          0.01211072          0.11545550          0.20588219
 53          417.72945892          0.01165049          0.11106803          0.19805838
 54          425.74348697          0.01121601          0.10692598          0.19067221
 55          433.75751503          0.01080539          0.10301139          0.18369164
 56          441.77154309          0.01041691          0.09930790          0.17708752
 57          449.78557114          0.01004901          0.09580060          0.17083324
 58          457.79959920          0.00970027          0.09247588          0.16490454
 59          465.81362725          0.00936936          0.08932127          0.15927919
 60          473.82765531          0.00905511          0.08632537          0.15393686
 61          481.84168337          0.00875640          0.08347771          0.14885886
 62          489.85571142          0.00847224          0.08076867          0.14402805
 63          497.86973948          0.00820168          0.07818939          0.13942863
 64          505.88376754          0.00794389          0.07573171          0.13504607
 65          513.89779559          0.00769805          0.07338812          0.13086693
 66          521.91182365          0.00746346          0.07115165          0.12687883
 67          529.92585170          0.00723943          0.06901588          0.12307029
 68          537.93987976          0.00702533          0.06697486          0.11943069
 69          545.95390782          0.00682060          0.06502305          0.11595019
 70          553.96793587          0.00662469          0.06315533          0.11261965
 71          561.98196393          0.00643709          0.06136695          0.10943057
 72          569.99599198          0.00625736          0.05965346          0.10637506
 73          578.01002004          0.00608504          0.05801076          0.10344576
 74          586.02404810          0.00591975          0.05643498          0.10063581
 75          594.03807615          0.00576111          0.05492255          0.09793882
 76          602.05210421          0.00560875          0.05347011          0.09534881
 77          610.06613226          0.00546236          0.05207454          0.09286020
 78          618.08016032          0.00532163          0.05073290          0.09046776
 79          626.09418838          0.00518627          0.04944244          0.08816660
 80          634.10821643          0.00505601          0.04820061          0.08595213
 81          642.12224449          0.00493059          0.04700498          0.08382007
 82          650.13627255          0.00480979          0.04585329          0.08176635
 83          658.15030060          0.00469336          0.04474341          0.07978721
 84          666.16432866          0.00458112          0.04367335          0.07787906
 85          674.17835671          0.00447286          0.04264122          0.07603855
 86          682.19238477          0.00436838          0.04164526          0.07426252
 87          690.20641283          0.00426753          0.04068378          0.07254800
 88          698.22044088          0.00417013          0.03975522          0.07089218
 89          706.23446894          0.00407602          0.03885809          0.06929240
 90          714.24849699          0.00398507          0.03799099          0.06774617
 91          722.26252505          0.00389712          0.03715259          0.06625113
 92          730.27655311          0.00381206          0.03634164          0.06480503
 93          738.29058116          0.00372975          0.03555696          0.06340577
 94          746.30460922          0.00365008          0.03479742          0.06205134
 95          754.31863727          0.00357293          0.03406196          0.06073985
 96          762.33266533          0.00349821          0.03334957          0.05946951
 97          770.34669339          0.00342580          0.03265930          0.05823861
 98          778.36072144          0.00335562          0.03199024          0.05704553
 99          786.37474950          0.00328757          0.03134153          0.05588874
100          794.38877756          0.00322158          0.03071235          0.05476678
101          802.40280561          0.00315755          0.03010193          0.05367827
102          810.41683367          0.00309541          0.02950953          0.05262190
103          818.43086172          0.00303508          0.02893445          0.05159640
104          826.44488978          0.00297651          0.02837602          0.05060060
105          834.45891784          0.00291961          0.02783360          0.04963334
106          842.47294589          0.00286433          0.02730658          0.04869356
107          850.48697395          0.00281060          0.02679439          0.04778021
108          858.50100200          0.00275837          0.02629648          0.04689233
109          866.51503006          0.00270759          0.02581232          0.04602897
110          874.52905812          0.00265819          0.02534141          0.04518923
111          882.54308617          0.00261013          0.02488327          0.04437226
112          890.55711423          0.00256337          0.02443744          0.04357726
113          898.57114228          0.00251785          0.02400349          0.04280342
114          906.58517034          0.00247353          0.02358099          0.04205002
115          914.59919840          0.00243037          0.02316955          0.04131634
116          922.61322645          0.00238833          0.02276879          0.04060169
117          930.62725451          0.00234738          0.02237833          0.03990542
118          938.64128257          0.00230747          0.02199784          0.03922691
119          946.65531062          0.00226856          0.02162696          0.03856556
120          954.66933868          0.00223064          0.02126539          0.03792080
121          962.68336673          0.00219365          0.02091281          0.03729207
122          970.69739479          0.00215758          0.02056892          0.03667885
123          978.71142285          0.00212239          0.02023345          0.03608063
124          986.72545090          0.00208805          0.01990612          0.03549693
125          994.73947896          0.00205455          0.01958667          0.03492728
126         1002.75350701          0.00202184          0.01927484          0.03437123
127         1010.76753507          0.00198990          0.01897041          0.03382835
128         1018.78156313          0.00195872          0.01867313          0.03329824
129         1026.79559118          0.00192826          0.01838278          0.03278049
130         1034.80961924          0.00189851          0.01809916          0.03227472
131         1042.82364729          0.00186945          0.01782204          0.03178057
132         1050.83767535          0.00184104          0.01755125          0.03129768
133         1058.85170341          0.00181328          0.01728658          0.03082571
134         1066.86573146          0.00178614          0.01702785          0.03036434
135         1074.87975952          0.00175960          0.01677488          0.02991325
136         1082.89378758          0.00173366          0.01652751          0.02947214
137         1090.90781563          0.00170828          0.01628558          0.02904072
138         1098.92184369          0.00168345          0.01604891          0.02861869
139         1106.93587174          0.00165916          0.01581737          0.02820581
140         1114.94989980          0.00163540          0.01559081          0.02780179
141         1122.96392786          0.00161214          0.01536907          0.02740639
142         1130.97795591          0.00158937          0.01515204          0.02701937
143         1138.99198397          0.00156709          0.01493956          0.02664048
144         1147.00601202          0.00154527          0.01473153          0.02626951
145         1155.02004008          0.00152390          0.01452781          0.02590624
146         1163.03406814          0.00150297          0.01432829          0.02555045
147         1171.04809619          0.00148247          0.01413285          0.02520194
148         1179.06212425          0.00146238          0.01394138          0.02486051
149         1187.07615230          0.00144270          0.01375378          0.02452597
150         1195.09018036          0.00142342          0.01356994          0.02419814
151         1203.10420842          0.00140452          0.01338976          0.02387684
152         1211.11823647          0.00138599          0.01321314          0.02356190
153         1219.13226453          0.00136783          0.01304000          0.02325315
154         1227.14629259          0.00135002          0.01287024          0.02295043
155         1235.16032064          0.00133256          0.01270377          0.02265358
156         1243.17434870          0.00131544          0.01254051          0.02236245
157         1251.18837675          0.00129864          0.01238038          0.02207690
158         1259.20240481          0.00128216          0.01222329          0.02179678
159         1267.21643287          0.00126600          0.01206918          0.02152196
160         1275.23046092          0.00125014          0.01191796          0.02125231
161         1283.24448898          0.00123457          0.01176957          0.02098769
162         1291.25851703          0.00121929          0.01162393          0.02072798
163         1299.27254509          0.00120430          0.01148097          0.02047307
164         1307.28657315          0.00118958          0.01134064          0.02022283
165         1315.30060120          0.00117513          0.01120287          0.01997714
166         1323.31462926          0.00116094          0.01106759          0.01973591
167         1331.32865731          0.00114700          0.01093475          0.01949902
168         1339.34268537          0.00113332          0.01080428          0.01926637
169         1347.35671343          0.00111987          0.01067614          0.01903787
170         1355.37074148          0.00110667          0.01055026          0.01881340
171         1363.38476954          0.00109370          0.01042659          0.01859287
172         1371.39879760          0.00108095          0.01030509          0.01837621
173         1379.41282565          0.00106843          0.01018570          0.01816331
174         1387.42685371          0.00105612          0.01006837          0.01795408
175         1395.44088176          0.00104403          0.00995305          0.01774845
176         1403.45490982          0.00103214          0.00983971          0.01754634
177         1411.46893788          0.00102045          0.00972829          0.01734765
178         1419.48296593          0.00100896          0.00961876          0.01715233
179         1427.49699399          0.00099766          0.00951106          0.01696028
180         1435.51102204          0.00098656          0.00940516          0.01677144
181         1443.52505010          0.00097563          0.00930102          0.01658574
182         1451.53907816          0.00096489          0.00919860          0.01640310
183         1459.55310621          0.00095432          0.00909786          0.01622347
184         1467.56713427          0.00094393          0.00899877          0.01604676
185         1475.58116232          0.00093370          0.00890129          0.01587293
186         1483.59519038          0.00092364          0.00880539          0.01570191
187         1491.60921844          0.00091374          0.00871102          0.01553364
188         1499.62324649          0.00090400          0.00861817          0.01536806
189         1507.63727455          0.00089442          0.00852679          0.01520511
190         1515.65130261          0.00088498          0.00843686          0.01504474
191         1523.66533066          0.00087570          0.00834834          0.01488690
192         1531.67935872          0.00086656          0.00826121          0.01473152
193         1539.69338677          0.00085756          0.00817543          0.01457857
194         1547.70741483          0.00084871          0.00809099          0.01442799
195         1555.72144289          0.00083998          0.00800784          0.01427972
196         1563.73547094          0.00083140          0.00792597          0.01413373
197         1571.74949900          0.00082294          0.00784536          0.01398997
198         1579.76352705          0.00081461          0.00776596          0.01384839
199         1587.77755511          0.00080641          0.00768776          0.01370895
200         1595.79158317          0.00079833          0.00761074          0.01357160
201         1603.80561122          0.00079037          0.00753487          0.01343631
202         1611.81963928          0.00078253          0.00746013          0.01330303
203         1619.83366733          0.00077481          0.00738650          0.01317172
204         1627.84769539          0.00076720          0.00731395          0.01304235
205         1635.86172345          0.00075970          0.00724246          0.01291488
206         1643.87575150          0.00075231          0.00717202          0.01278926
207         1651.88977956          0.00074503          0.00710260          0.01266547
208         1659.90380762          0.00073785          0.00703418          0.01254347
209         1667.91783567          0.00073078          0.00696675          0.01242322
210         1675.93186373          0.00072381          0.00690028          0.01230469
211         1683.94589178          0.00071693          0.00683476          0.01218785
212         1691.95991984          0.00071016          0.00677016          0.01207267
213         1699.97394790          0.00070348          0.00670648          0.01195911
214         1707.98797595          0.00069689          0.00664369          0.01184715
215         1716.00200401          0.00069040          0.00658178          0.01173675
216         1724.01603206          0.00068399          0.00652074          0.01162789
217         1732.03006012          0.00067768          0.00646053          0.01152053
218         1740.04408818          0.00067145          0.00640116          0.01141466
219         1748.05811623          0.00066531          0.00634260          0.01131024
220         1756.07214429          0.00065925          0.00628484          0.01120724
221         1764.08617234          0.00065327          0.00622787          0.01110565
222         1772.10020040          0.00064738          0.00617167          0.01100543
223         1780.11422846          0.00064156          0.00611623          0.01090656
224         1788.12825651          0.00063582          0.00606153          0.01080901
225         1796.14228457          0.00063016          0.00600756          0.01071277
226         1804.15631263          0.00062458          0.00595430          0.01061781
227         1812.17034068          0.00061907          0.00590176          0.01052411
228         1820.18436874          0.00061363          0.00584990          0.01043164
229         1828.19839679          0.00060826          0.00579873          0.01034039
230         1836.21242485          0.00060296          0.00574822          0.01025032
231         1844.22645291          0.00059773          0.00569837          0.01016143
232         1852.24048096          0.00059257          0.00564917          0.01007369
233         1860.25450902          0.00058748          0.00560060          0.00998708
234         1868.26853707          0.00058245          0.00555265          0.00990159
235         1876.28256513          0.00057748          0.00550532          0.00981718
236         1884.29659319          0.00057258          0.00545859          0.00973386
237         1892.31062124          0.00056774          0.00541246          0.00965158
238         1900.32464930          0.00056296          0.00536690          0.00957035
239         1908.33867735          0.00055824          0.00532192          0.00949014
240         1916.35270541          0.00055358          0.00527750          0.00941093
241         1924.36673347          0.00054898          0.00523364          0.00933271
242         1932.38076152          0.00054444          0.00519032          0.00925546
243         1940.39478958          0.00053995          0.00514753          0.00917917
244         1948.40881764          0.00053552          0.00510527          0.00910381
245         1956.42284569          0.00053114          0.00506354          0.00902938
246         1964.43687375          0.00052682          0.00502231          0.00895586
247         1972.45090180          0.00052254          0.00498158          0.00888323
248         1980.46492986          0.00051832          0.00494134          0.00881149
249         1988.47895792          0.00051415          0.00490159          0.00874060
250         1996.49298597          0.00051003          0.00486232          0.00867057
251         2004.50701403          0.00050596          0.00482352          0.00860138
252         2012.52104208          0.00050194          0.00478518          0.00853302
253         2020.53507014          0.00049797          0.00474730          0.00846546
254         2028.54909820          0.00049404          0.00470986          0.00839871
255         2036.56312625          0.00049016          0.00467287          0.00833274
256         2044.57715431          0.00048633          0.00463631          0.00826754
257         2052.59118236          0.00048254          0.00460017          0.00820311
258         2060.60521042          0.00047879          0.00456446          0.00813943
259         2068.61923848          0.00047509          0.00452917          0.00807648
260         2076.63326653          0.00047143          0.00449428          0.00801427
261         2084.64729459          0.00046781          0.00445979          0.00795277
262         2092.66132265          0.00046423          0.00442569          0.00789197
263         2100.67535070          0.00046070          0.00439199          0.00783187
264         2108.68937876          0.00045720          0.00435867          0.00777245
265         2116.70340681          0.00045375          0.00432573          0.00771371
266         2124.71743487          0.00045033          0.00429316          0.00765563
267         2132.73146293          0.00044695          0.00426095          0.00759821
268         2140.74549098          0.00044361          0.00422911          0.00754142
269         2148.75951904          0.00044031          0.00419763          0.00748528
270         2156.77354709          0.00043704          0.00416649          0.00742975
271         2164.78757515          0.00043381          0.00413570          0.00737484
272         2172.80160321          0.00043062          0.00410525          0.00732054
273         2180.81563126          0.00042746          0.00407513          0.00726684
274         2188.82965932          0.00042434          0.00404534          0.00721372
275         2196.84368737          0.00042125          0.00401588          0.00716119
276         2204.85771543          0.00041819          0.00398674          0.00710923
277         2212.87174349          0.00041517          0.00395792          0.00705783
278         2220.88577154          0.00041218          0.00392941          0.00700698
279         2228.89979960          0.00040922          0.00390120          0.00695668
280         2236.91382766          0.00040629          0.00387330          0.00690693
281         2244.92785571          0.00040339          0.00384569          0.00685770
282         2252.94188377          0.00040053          0.00381838          0.00680900
283         2260.95591182          0.00039770          0.00379136          0.00676082
284         2268.96993988          0.00039489          0.00376463          0.00671314
285         2276.98396794          0.00039212          0.00373817          0.00666597
286         2284.99799599          0.00038937          0.00371200          0.00661930
287         2293.01202405          0.00038665          0.00368610          0.00657311
288         2301.02605210          0.00038396          0.00366046          0.00652740
289         2309.04008016          0.00038130          0.00363510          0.00648217
290         2317.05410822          0.00037867          0.00361000          0.00643741
291         2325.06813627          0.00037607          0.00358515          0.00639311
292         2333.08216433          0.00037349          0.00356057          0.00634926
293         2341.09619238          0.00037093          0.00353623          0.00630587
294         2349.11022044          0.00036841          0.00351215          0.00626292
295         2357.12424850          0.00036591          0.00348830          0.00622040
296         2365.13827655          0.00036343          0.00346470          0.00617832
297         2373.15230461          0.00036098          0.00344134          0.00613666
298         2381.16633267          0.00035855          0.00341822          0.00609542
299         2389.18036072          0.00035615          0.00339533          0.00605460
300         2397.19438878          0.00035378          0.00337266          0.00601419
301         2405.20841683          0.00035142          0.00335022          0.00597418
302         2413.22244489          0.00034909          0.00332801          0.00593456
303         2421.23647295          0.00034678          0.00330602          0.00589534
304         2429.25050100          0.00034450          0.00328424          0.00585651
305         2437.26452906          0.00034224          0.00326268          0.00581806
306         2445.27855711          0.00034000          0.00324133          0.00577999
307         2453.29258517          0.00033778          0.00322018          0.00574228
308         2461.30661323          0.00033559          0.00319925          0.00570495
309         2469.32064128          0.00033341          0.00317852          0.00566798
310         2477.33466934          0.00033126          0.00315798          0.00563137
311         2485.34869739          0.00032912          0.00313765          0.00559511
312         2493.36272545          0.00032701          0.00311751          0.00555920
313         2501.37675351          0.00032492          0.00309757          0.00552364
314         2509.39078156          0.00032285          0.00307782          0.00548841
315         2517.40480962          0.00032080          0.00305825          0.00545353
316         2525.41883768          0.00031876          0.00303887          0.00541897
317         2533.43286573          0.00031675          0.00301968          0.00538474
318         2541.44689379          0.00031475          0.00300066          0.00535083
319         2549.46092184          0.00031278          0.00298183          0.00531725
320         2557.47494990          0.00031082          0.00296317          0.00528397
321         2565.48897796          0.00030888          0.00294469          0.00525101
322         2573.50300601          0.00030696          0.00292637          0.00521836
323         2581.51703407          0.00030506          0.00290823          0.00518601
324         2589.53106212          0.00030317          0.00289026          0.00515396
325         2597.54509018          0.00030131          0.00287245          0.00512221
326         2605.55911824          0.00029946          0.00285481          0.00509075
327         2613.57314629          0.00029762          0.00283733          0.00505958
328         2621.58717435          0.00029581          0.00282001          0.00502869
329         2629.60120240          0.00029400          0.00280285          0.00499809
330         2637.61523046          0.00029222          0.00278584          0.00496776
331         2645.62925852          0.00029045          0.00276899          0.00493771
332         2653.64328657          0.00028870          0.00275229          0.00490793
333         2661.65731463          0.00028697          0.00273574          0.00487842
334         2669.67134269          0.00028525          0.00271934          0.00484917
335         2677.68537074          0.00028354          0.00270309          0.00482019
336         2685.69939880          0.00028185          0.00268698          0.00479147
337         2693.71342685          0.00028018          0.00267102          0.00476300
338         2701.72745491          0.00027852          0.00265519          0.00473479
339         2709.74148297          0.00027687          0.00263951          0.00470682
340         2717.75551102          0.00027524          0.00262397          0.00467910
341         2725.76953908          0.00027363          0.00260856          0.00465163
342         2733.78356713          0.00027202          0.00259329          0.00462440
343         2741.79759519          0.00027044          0.00257815          0.00459740
344         2749.81162325          0.00026886          0.00256315          0.00457065
345         2757.82565130          0.00026730          0.00254827          0.00454412
346         2765.83967936          0.00026575          0.00253353          0.00451783
347         2773.85370741          0.00026422          0.00251891          0.00449176
348         2781.86773547          0.00026270          0.00250442          0.00446592
349         2789.88176353          0.00026119          0.00249005          0.00444030
350         2797.89579158          0.00025970          0.00247580          0.00441489
351         2805.90981964          0.00025822          0.00246168          0.00438971
352         2813.92384770          0.00025675          0.00244768          0.00436474
353         2821.93787575          0.00025529          0.00243380          0.00433999
354         2829.95190381          0.00025385          0.00242003          0.00431544
355         2837.96593186          0.00025242          0.00240638          0.00429110
356         2845.97995992          0.00025100          0.00239285          0.00426697
357         2853.99398798          0.00024959          0.00237943          0.00424304
358         2862.00801603          0.00024819          0.00236612          0.00421931
359         2870.02204409          0.00024681          0.00235293          0.00419578
360         2878.03607214          0.00024544          0.00233984          0.00417245
361         2886.05010020          0.00024408          0.00232687          0.00414931
362         2894.06412826          0.00024273          0.00231400          0.00412636
363         2902.07815631          0.00024139          0.00230124          0.00410360
364         2910.09218437          0.00024006          0.00228858          0.00408103
365         2918.10621242          0.00023874          0.00227603          0.00405865
366         2926.12024048          0.00023744          0.00226358          0.00403645
367         2934.13426854          0.00023614          0.00225123          0.00401443
368         2942.14829659          0.00023486          0.00223898          0.00399259
369         2950.16232465          0.00023358          0.00222683          0.00397092
370         2958.17635271          0.00023232          0.00221478          0.00394944
371         2966.19038076          0.00023107          0.00220283          0.00392813
372         2974.20440882          0.00022982          0.00219098          0.00390699
373         2982.21843687          0.00022859          0.00217922          0.00388602
374         2990.23246493          0.00022737          0.00216755          0.00386521
375         2998.24649299          0.00022615          0.00215598          0.00384458
376         3006.26052104          0.00022495          0.00214450          0.00382411
377         3014.27454910          0.00022375          0.00213311          0.00380380
378         3022.28857715          0.00022257          0.00212181          0.00378366
379         3030.30260521          0.00022139          0.00211061          0.00376367
380         3038.31663327          0.00022023          0.00209949          0.00374384
381         3046.33066132          0.00021907          0.00208846          0.00372417
382         3054.34468938          0.00021792          0.00207751          0.00370465
383         3062.35871743          0.00021678          0.00206665          0.00368529
384         3070.37274549          0.00021565          0.00205588          0.00366607
385         3078.38677355          0.00021453          0.00204519          0.00364701
386         3086.40080160          0.00021342          0.00203458          0.00362810
387         3094.41482966          0.00021231          0.00202405          0.00360933
388         3102.42885772          0.00021122          0.00201361          0.00359071
389         3110.44288577          0.00021013          0.00200325          0.00357223
390         3118.45691383          0.00020905          0.00199297          0.00355389
391         3126.47094188          0.00020798          0.00198276          0.00353569
392         3134.48496994          0.00020692          0.00197264          0.00351764
393         3142.49899800          0.00020587          0.00196259          0.00349972
394         3150.51302605          0.00020482          0.00195262          0.00348194
395         3158.52705411          0.00020378          0.00194272          0.00346429
396         3166.54108216          0.00020275          0.00193290          0.00344678
397         3174.55511022          0.00020173          0.00192315          0.00342940
398         3182.56913828          0.00020071          0.00191348          0.00341215
399         3190.58316633          0.00019971          0.00190388          0.00339503
400         3198.59719439          0.00019871          0.00189435          0.00337804
401         3206.61122244          0.00019772          0.00188489          0.00336117
402         3214.62525050          0.00019673          0.00187551          0.00334443
403         3222.63927856          0.00019575          0.00186619          0.00332782
404         3230.65330661          0.00019478          0.00185694          0.00331133
405         3238.66733467          0.00019382          0.00184776          0.00329496
406         3246.68136273          0.00019287          0.00183865          0.00327872
407         3254.69539078          0.00019192          0.00182961          0.00326259
408         3262.70941884          0.00019098          0.00182063          0.00324658
409         3270.72344689          0.00019004          0.00181172          0.00323069
410         3278.73747495          0.00018911          0.00180288          0.00321492
411         3286.75150301          0.00018819          0.00179410          0.00319926
412         3294.76553106          0.00018728          0.00178538          0.00318372
413         3302.77955912          0.00018637          0.00177672          0.00316829
414         3310.79358717          0.00018547          0.00176813          0.00315297
415         3318.80761523          0.00018457          0.00175960          0.00313776
416         3326.82164329          0.00018369          0.00175114          0.00312266
417         3334.83567134          0.00018280          0.00174273          0.00310767
418         3342.84969940          0.00018193          0.00173439          0.00309278
419         3350.86372745          0.00018106          0.00172610          0.00307801
420         3358.87775551          0.00018020          0.00171787          0.00306334
421         3366.89178357          0.00017934          0.00170970          0.00304877
422         3374.90581162          0.00017849          0.00170159          0.00303431
423         3382.91983968          0.00017764          0.00169354          0.00301995
424         3390.93386774          0.00017681          0.00168555          0.00300569
425         3398.94789579          0.00017597          0.00167761          0.00299154
426         3406.96192385          0.00017515          0.00166972          0.00297748
427         3414.97595190          0.00017432          0.00166190          0.00296352
428         3422.98997996          0.00017351          0.00165412          0.00294966
429         3431.00400802          0.00017270          0.00164641          0.00293590
430         3439.01803607          0.00017190          0.00163874          0.00292223
431         3447.03206413          0.00017110          0.00163113          0.00290866
432         3455.04609218          0.00017030          0.00162357          0.00289518
433         3463.06012024          0.00016952          0.00161607          0.00288180
434         3471.07414830          0.00016874          0.00160861          0.00286851
435         3479.08817635          0.00016796          0.00160121          0.00285531
436         3487.10220441          0.00016719          0.00159386          0.00284220
437         3495.11623246          0.00016642          0.00158656          0.00282918
438         3503.13026052          0.00016566          0.00157931          0.00281625
439         3511.14428858          0.00016491          0.00157211          0.00280341
440         3519.15831663          0.00016416          0.00156495          0.00279065
441         3527.17234469          0.00016341          0.00155785          0.00277799
442         3535.18637275          0.00016267          0.00155080          0.00276541
443         3543.20040080          0.00016194          0.00154379          0.00275291
444         3551.21442886          0.00016121          0.00153683          0.00274050
445         3559.22845691          0.00016048          0.00152992          0.00272817
446         3567.24248497          0.00015976          0.00152305          0.00271593
447         3575.25651303          0.00015905          0.00151623          0.00270377
448         3583.27054108          0.00015833          0.00150945          0.00269168
449         3591.28456914          0.00015763          0.00150273          0.00267969
450         3599.29859719          0.00015693          0.00149604          0.00266777
451         3607.31262525          0.00015623          0.00148940          0.00265593
452         3615.32665331          0.00015554          0.00148281          0.00264416
453         3623.34068136          0.00015485          0.00147625          0.00263248
454         3631.35470942          0.00015417          0.00146974          0.00262087
455         3639.36873747          0.00015349          0.00146328          0.00260934
456         3647.38276553          0.00015282          0.00145686          0.00259789
457         3655.39679359          0.00015215          0.00145047          0.00258651
458         3663.41082164          0.00015148          0.00144414          0.00257521
459         3671.42484970          0.00015082          0.00143784          0.00256398
460         3679.43887776          0.00015017          0.00143158          0.00255282
461         3687.45290581          0.00014951          0.00142537          0.00254174
462         3695.46693387          0.00014887          0.00141919          0.00253072
463         3703.48096192          0.00014822          0.00141305          0.00251978
464         3711.49498998          0.00014758          0.00140696          0.00250891
465         3719.50901804          0.00014695          0.00140090          0.00249811
466         3727.52304609          0.00014632          0.00139489          0.00248738
467         3735.53707415          0.00014569          0.00138891          0.00247672
468         3743.55110220          0.00014507          0.00138297          0.00246613
469         3751.56513026          0.00014445          0.00137706          0.00245560
470         3759.57915832          0.00014383          0.00137120          0.00244515
471         3767.59318637          0.00014322          0.00136537          0.00243476
472         3775.60721443          0.00014261          0.00135958          0.00242443
473         3783.62124248          0.00014201          0.00135383          0.00241417
474         3791.63527054          0.00014141          0.00134811          0.00240398
475         3799.64929860          0.00014081          0.00134243          0.00239385
476         3807.66332665          0.00014022          0.00133679          0.00238378
477         3815.67735471          0.00013963          0.00133118          0.00237378
478         3823.69138277          0.00013905          0.00132560          0.00236384
479         3831.70541082          0.00013847          0.00132006          0.00235396
480         3839.71943888          0.00013789          0.00131456          0.00234414
481         3847.73346693          0.00013732          0.00130909          0.00233439
482         3855.74749499          0.00013675          0.00130365          0.00232470
483         3863.76152305          0.00013618          0.00129825          0.00231506
484         3871.77555110          0.00013562          0.00129288          0.00230549
485         3879.78957916          0.00013506          0.00128755          0.00229597
486         3887.80360721          0.00013450          0.00128224          0.00228652
487         3895.81763527          0.00013395          0.00127697          0.00227712
488         3903.83166333          0.00013340          0.00127174          0.00226778
489         3911.84569138          0.00013285          0.00126653          0.00225850
490         3919.85971944          0.00013231          0.00126136          0.00224927
491         3927.87374749          0.00013177          0.00125622          0.00224011
492         3935.88777555          0.00013123          0.00125111          0.00223099
493         3943.90180361          0.00013070          0.00124603          0.00222193
494         3951.91583166          0.00013017          0.00124098          0.00221293
495         3959.92985972          0.00012965          0.00123596          0.00220398
496         3967.94388778          0.00012912          0.00123097          0.00219509
497         3975.95791583          0.00012860          0.00122601          0.00218625
498         3983.97194389          0.00012809          0.00122109          0.00217746
499         3991.98597194          0.00012757          0.00121619          0.00216873
500         4000.00000000          0.00012706          0.00121132          0.00216005
