  1            1.00000000       2025.36299084       2032.98647701      19373.55127261      19381.13774749      34553.20974992      34560.77010916      54069.93178185
  2           21.03807615         -2.45312677          4.59327497         36.74281898         43.78922134         71.03452829         78.08567441        115.13502823
  3           41.07615230         -4.50797691          1.20491103          5.77406800         11.48681845         14.72247462         20.48348745         26.33792796
  4           61.11422846         -3.72034256          0.54431440          0.92860174          5.18913060          4.84853235          9.25334478         10.21719381
  5           81.15230461         -2.76268113          0.30869726         -0.10446128          2.94291388          1.94539035          5.24785342          5.15851137
  6          101.19038076         -2.02223759          0.19854366         -0.26299019          1.89278292          0.88726422          3.37524227          3.11456480
  7          121.22845691         -1.52637383          0.13833285         -0.22962556          1.31877320          0.46382915          2.35165851          2.12274581
  8          141.26653307         -1.22286680          0.10187225         -0.18315028          0.97118216          0.30356513          1.73182832          1.56006353
  9          161.30460922         -1.05218655          0.07813416         -0.14966087          0.74487897          0.25385999          1.32828068          1.19873708
 10          181.34268537         -0.96316759          0.06182077         -0.12061808          0.58935800          0.23969273          1.05095308          0.94678032
 11          201.38076152         -0.91864195          0.05013010         -0.09428752          0.47790691          0.23190832          0.85221162          0.76261962
 12          221.41883768         -0.89639333          0.04146726         -0.07244014          0.39532123          0.22260928          0.70494345          0.62450020
 13          241.45691383         -0.88491451          0.03487026         -0.05558822          0.33242982          0.21075648          0.59279444          0.51927200
 14          261.49498998         -0.87864714          0.02973088         -0.04308006          0.28343438          0.19699461          0.50542494          0.43814121
 15          281.53306613         -0.87497703          0.02564931         -0.03393161          0.24452341          0.18217174          0.43603825          0.37488419
 16          301.57114228         -0.87268663          0.02235398         -0.02724533          0.21310798          0.16700584          0.38001772          0.32496259
 17          321.60921844         -0.87120318          0.01965520         -0.02232158          0.18737959          0.15205574          0.33413843          0.28501577
 18          341.64729459         -0.87023615          0.01741721         -0.01864719          0.16604404          0.13774350          0.29609252          0.25254510
 19          361.68537074         -0.86960456          0.01554077         -0.01585358          0.14815536          0.12436895          0.26419313          0.22570606
 20          381.72344689         -0.86915977          0.01395201         -0.01367722          0.13300917          0.11211814          0.23718419          0.20315717
 21          401.76152305         -0.86875686          0.01259499         -0.01192988          0.12007223          0.10107671          0.21411482          0.18393693
 22          421.79959920         -0.86825012          0.01142674         -0.01047793          0.10893488          0.09125039          0.19425450          0.16735988
 23          441.83767535         -0.86749849          0.01041379         -0.00922806          0.09927817          0.08258843          0.17703450          0.15293239
 24          461.87575150         -0.86637354          0.00952981         -0.00811705          0.09085084          0.07500492          0.16200674          0.14028998
 25          481.91382766         -0.86476608          0.00875378         -0.00710410          0.08345272          0.06839573          0.14881429          0.12915417
 26          501.95190381         -0.86259007          0.00806882         -0.00616473          0.07692280          0.06265068          0.13717002          0.11930468
 27          521.98997996         -0.85978373          0.00746123         -0.00528591          0.07113035          0.05766148          0.12684083          0.11056215
 28          542.02805611         -0.85630847          0.00691976         -0.00446212          0.06596837          0.05332660          0.11763590          0.10277746
 29          562.06613226         -0.85214646          0.00643516         -0.00369232          0.06134857          0.04955378          0.10939780          0.09582494
 30          582.10420842         -0.84729745          0.00599975         -0.00297766          0.05719760          0.04626098          0.10199572          0.08959771
 31          602.14228457         -0.84177538          0.00560707         -0.00231994          0.05345410          0.04337634          0.09532025          0.08400437
 32          622.18036072         -0.83560523          0.00525172         -0.00172062          0.05006644          0.04083762          0.08927931          0.07896643
 33          642.21843687         -0.82882009          0.00492912         -0.00118024          0.04699090          0.03859132          0.08379496          0.07441623
 34          662.25651303         -0.82145871          0.00463534         -0.00069826          0.04419028          0.03659175          0.07880086          0.07029523
 35          682.29458918         -0.81356347          0.00436707         -0.00027302          0.04163278          0.03480006          0.07424027          0.06655261
 36          702.33266533         -0.80517876          0.00412144          0.00009812          0.03929104          0.03318343          0.07006444          0.06314412
 37          722.37074148         -0.79634962          0.00389596          0.00041853          0.03714146          0.03171426          0.06623128          0.06003109
 38          742.40881764         -0.78712085          0.00368849          0.00069211          0.03516358          0.03036950          0.06270428          0.05717963
 39          762.44689379         -0.77753619          0.00349716          0.00092307          0.03333958          0.02913002          0.05945169          0.05455999
 40          782.48496994         -0.76763783          0.00332034          0.00111571          0.03165390          0.02798004          0.05644577          0.05214600
 41          802.52304609         -0.75746600          0.00315660          0.00127429          0.03009291          0.02690669          0.05366219          0.04991466
 42          822.56112224         -0.74705877          0.00300468          0.00140288          0.02864461          0.02589950          0.05107955          0.04784571
 43          842.59919840         -0.73645187          0.00286347          0.00150531          0.02729840          0.02495002          0.04867896          0.04592137
 44          862.63727455         -0.72567865          0.00273198          0.00158510          0.02604491          0.02405147          0.04644372          0.04412603
 45          882.67535070         -0.71477007          0.00260935          0.00164543          0.02487581          0.02319841          0.04435897          0.04244604
 46          902.71342685         -0.70375473          0.00249479          0.00168916          0.02378370          0.02238649          0.04241150          0.04086947
 47          922.75150301         -0.69265896          0.00238762          0.00171881          0.02276196          0.02161218          0.04058952          0.03938595
 48          942.78957916         -0.68150688          0.00228720          0.00173658          0.02180468          0.02087263          0.03888247          0.03798643
 49          962.82765531         -0.67032057          0.00219299          0.00174441          0.02090654          0.02016548          0.03728089          0.03666306
 50          982.86573146         -0.65912015          0.00210449          0.00174396          0.02006277          0.01948875          0.03577627          0.03540905
 51         1002.90380762         -0.64792388          0.00202123          0.00173665          0.01926907          0.01884076          0.03436093          0.03421847
 52         1022.94188377         -0.63674836          0.00194282          0.00172372          0.01852155          0.01822000          0.03302794          0.03308617
 53         1042.97995992         -0.62560858          0.00186888          0.00170621          0.01781670          0.01762517          0.03177104          0.03200767
 54         1063.01803607         -0.61451808          0.00179909          0.00168500          0.01715134          0.01705506          0.03058455          0.03097903
 55         1083.05611222         -0.60348905          0.00173314          0.00166086          0.01652256          0.01650855          0.02946331          0.02999680
 56         1103.09418838         -0.59253244          0.00167074          0.00163442          0.01592774          0.01598458          0.02840261          0.02905793
 57         1123.13226453         -0.58165810          0.00161166          0.00160620          0.01536447          0.01548218          0.02739817          0.02815968
 58         1143.17034068         -0.57087479          0.00155565          0.00157667          0.01483055          0.01500039          0.02644609          0.02729963
 59         1163.20841683         -0.56019036          0.00150252          0.00154619          0.01432400          0.01453831          0.02554279          0.02647558
 60         1183.24649299         -0.54961179          0.00145206          0.00151508          0.01384296          0.01409506          0.02468499          0.02568552
 61         1203.28456914         -0.53914526          0.00140410          0.00148360          0.01338575          0.01366982          0.02386969          0.02492764
 62         1223.32264529         -0.52879625          0.00135848          0.00145197          0.01295082          0.01326178          0.02309412          0.02420027
 63         1243.36072144         -0.51856955          0.00131504          0.00142037          0.01253675          0.01287017          0.02235574          0.02350185
 64         1263.39879760         -0.50846939          0.00127366          0.00138894          0.01214223          0.01249424          0.02165222          0.02283096
 65         1283.43687375         -0.49849944          0.00123420          0.00135779          0.01176604          0.01213328          0.02098140          0.02218625
 66         1303.47494990         -0.48866287          0.00119655          0.00132704          0.01140706          0.01178661          0.02034127          0.02156647
 67         1323.51302605         -0.47896241          0.00116059          0.00129674          0.01106427          0.01145358          0.01972999          0.02097044
 68         1343.55110220         -0.46940037          0.00112623          0.00126698          0.01073670          0.01113357          0.01914587          0.02039706
 69         1363.58917836         -0.45997868          0.00109337          0.00123778          0.01042347          0.01082596          0.01858730          0.01984529
 70         1383.62725451         -0.45069894          0.00106193          0.00120919          0.01012374          0.01053021          0.01805283          0.01931414
 71         1403.66533066         -0.44156242          0.00103183          0.00118123          0.00983676          0.01024575          0.01754108          0.01880267
 72         1423.70340681         -0.43257012          0.00100299          0.00115392          0.00956181          0.00997208          0.01705078          0.01831000
 73         1443.74148297         -0.42372277          0.00097534          0.00112727          0.00929823          0.00970870          0.01658076          0.01783530
 74         1463.77955912         -0.41502085          0.00094882          0.00110130          0.00904540          0.00945515          0.01612991          0.01737776
 75         1483.81763527         -0.40646464          0.00092337          0.00107599          0.00880275          0.00921096          0.01569721          0.01693663
 76         1503.85571142         -0.39805420          0.00089892          0.00105135          0.00856973          0.00897573          0.01528168          0.01651120
 77         1523.89378758         -0.38978942          0.00087544          0.00102737          0.00834584          0.00874905          0.01488244          0.01610078
 78         1543.93186373         -0.38167001          0.00085286          0.00100404          0.00813061          0.00853053          0.01449864          0.01570472
 79         1563.96993988         -0.37369553          0.00083115          0.00098136          0.00792360          0.00831980          0.01412949          0.01532240
 80         1584.00801603         -0.36586539          0.00081025          0.00095931          0.00772440          0.00811653          0.01377427          0.01495324
 81         1604.04609218         -0.35817888          0.00079013          0.00093789          0.00753261          0.00792038          0.01343228          0.01459668
 82         1624.08416834         -0.35063515          0.00077076          0.00091706          0.00734788          0.00773105          0.01310287          0.01425219
 83         1644.12224449         -0.34323328          0.00075208          0.00089683          0.00716987          0.00754822          0.01278543          0.01391925
 84         1664.16032064         -0.33597220          0.00073408          0.00087718          0.00699824          0.00737163          0.01247938          0.01359739
 85         1684.19839679         -0.32885078          0.00071672          0.00085809          0.00683271          0.00720100          0.01218420          0.01328615
 86         1704.23647295         -0.32186779          0.00069996          0.00083954          0.00667298          0.00703608          0.01189936          0.01298509
 87         1724.27454910         -0.31502194          0.00068379          0.00082153          0.00651878          0.00687663          0.01162440          0.01269379
 88         1744.31262525         -0.30831185          0.00066817          0.00080403          0.00636987          0.00672241          0.01135886          0.01241186
 89         1764.35070140         -0.30173607          0.00065308          0.00078703          0.00622600          0.00657321          0.01110232          0.01213891
 90         1784.38877756         -0.29529313          0.00063849          0.00077052          0.00608696          0.00642881          0.01085437          0.01187459
 91         1804.42685371         -0.28898147          0.00062439          0.00075447          0.00595252          0.00628903          0.01061463          0.01161856
 92         1824.46492986         -0.28279950          0.00061075          0.00073888          0.00582248          0.00615367          0.01038275          0.01137047
 93         1844.50300601         -0.27674559          0.00059755          0.00072373          0.00569666          0.00602256          0.01015839          0.01113003
 94         1864.54108216         -0.27081805          0.00058478          0.00070901          0.00557488          0.00589551          0.00994122          0.01089693
 95         1884.57915832         -0.26501518          0.00057241          0.00069471          0.00545696          0.00577238          0.00973094          0.01067089
 96         1904.61723447         -0.25933524          0.00056043          0.00068080          0.00534274          0.00565300          0.00952726          0.01045164
 97         1924.65531062         -0.25377648          0.00054882          0.00066728          0.00523207          0.00553723          0.00932991          0.01023891
 98         1944.69338677         -0.24833710          0.00053757          0.00065413          0.00512480          0.00542493          0.00913863          0.01003246
 99         1964.73146293         -0.24301531          0.00052666          0.00064135          0.00502080          0.00531596          0.00895317          0.00983205
100         1984.76953908         -0.23780928          0.00051608          0.00062891          0.00491993          0.00521019          0.00877331          0.00963746
101         2004.80761523         -0.23271719          0.00050581          0.00061682          0.00482207          0.00510751          0.00859880          0.00944846
102         2024.84569138         -0.22773719          0.00049585          0.00060505          0.00472711          0.00500779          0.00842946          0.00926486
103         2044.88376754         -0.22286743          0.00048618          0.00059360          0.00463492          0.00491093          0.00826506          0.00908645
104         2064.92184369         -0.21810607          0.00047679          0.00058246          0.00454540          0.00481682          0.00810543          0.00891305
105         2084.95991984         -0.21345124          0.00046767          0.00057161          0.00445845          0.00472536          0.00795038          0.00874448
106         2104.99799599         -0.20890110          0.00045881          0.00056106          0.00437397          0.00463645          0.00779974          0.00858056
107         2125.03607214         -0.20445379          0.00045020          0.00055077          0.00429187          0.00455000          0.00765334          0.00842112
108         2145.07414830         -0.20010747          0.00044182          0.00054076          0.00421206          0.00446592          0.00751102          0.00826601
109         2165.11222445         -0.19586029          0.00043368          0.00053101          0.00413446          0.00438412          0.00737263          0.00811508
110         2185.15030060         -0.19171042          0.00042577          0.00052151          0.00405898          0.00430453          0.00723804          0.00796818
111         2205.18837675         -0.18765602          0.00041806          0.00051225          0.00398555          0.00422707          0.00710709          0.00782518
112         2225.22645291         -0.18369530          0.00041057          0.00050323          0.00391409          0.00415166          0.00697967          0.00768593
113         2245.26452906         -0.17982644          0.00040327          0.00049444          0.00384454          0.00407823          0.00685565          0.00755031
114         2265.30260521         -0.17604766          0.00039617          0.00048586          0.00377682          0.00400672          0.00673490          0.00741820
115         2285.34068136         -0.17235717          0.00038925          0.00047751          0.00371088          0.00393706          0.00661731          0.00728947
116         2305.37875752         -0.16875323          0.00038252          0.00046935          0.00364666          0.00386918          0.00650278          0.00716403
117         2325.41683367         -0.16523409          0.00037595          0.00046140          0.00358408          0.00380303          0.00639119          0.00704175
118         2345.45490982         -0.16179801          0.00036956          0.00045365          0.00352310          0.00373854          0.00628245          0.00692254
119         2365.49298597         -0.15844331          0.00036332          0.00044608          0.00346367          0.00367568          0.00617647          0.00680629
120         2385.53106212         -0.15516828          0.00035724          0.00043870          0.00340572          0.00361437          0.00607314          0.00669291
121         2405.56913828         -0.15197127          0.00035132          0.00043149          0.00334922          0.00355457          0.00597238          0.00658231
122         2425.60721443         -0.14885061          0.00034554          0.00042446          0.00329411          0.00349624          0.00587412          0.00647439
123         2445.64529058         -0.14580470          0.00033990          0.00041759          0.00324035          0.00343932          0.00577825          0.00636908
124         2465.68336673         -0.14283191          0.00033440          0.00041088          0.00318790          0.00338377          0.00568472          0.00626629
125         2485.72144289         -0.13993067          0.00032903          0.00040433          0.00313671          0.00332954          0.00559343          0.00616593
126         2505.75951904         -0.13709943          0.00032378          0.00039793          0.00308674          0.00327660          0.00550433          0.00606795
127         2525.79759519         -0.13433663          0.00031867          0.00039168          0.00303796          0.00322491          0.00541734          0.00597225
128         2545.83567134         -0.13164077          0.00031367          0.00038557          0.00299033          0.00317442          0.00533240          0.00587878
129         2565.87374749         -0.12901036          0.00030879          0.00037960          0.00294380          0.00312510          0.00524944          0.00578747
130         2585.91182365         -0.12644392          0.00030402          0.00037376          0.00289836          0.00307692          0.00516840          0.00569824
131         2605.94989980         -0.12394002          0.00029937          0.00036806          0.00285396          0.00302983          0.00508922          0.00561104
132         2625.98797595         -0.12149723          0.00029481          0.00036248          0.00281057          0.00298381          0.00501185          0.00552581
133         2646.02605210         -0.11911415          0.00029037          0.00035702          0.00276816          0.00293883          0.00493623          0.00544248
134         2666.06412826         -0.11678943          0.00028602          0.00035169          0.00272670          0.00289485          0.00486231          0.00536101
135         2686.10220441         -0.11452170          0.00028177          0.00034647          0.00268617          0.00285184          0.00479003          0.00528134
136         2706.14028056         -0.11230964          0.00027761          0.00034136          0.00264654          0.00280978          0.00471936          0.00520342
137         2726.17835671         -0.11015196          0.00027354          0.00033637          0.00260778          0.00276864          0.00465023          0.00512719
138         2746.21643287         -0.10804737          0.00026957          0.00033148          0.00256986          0.00272839          0.00458262          0.00505260
139         2766.25450902         -0.10599463          0.00026567          0.00032669          0.00253277          0.00268901          0.00451647          0.00497962
140         2786.29258517         -0.10399250          0.00026187          0.00032201          0.00249647          0.00265047          0.00445174          0.00490820
141         2806.33066132         -0.10203979          0.00025814          0.00031742          0.00246094          0.00261275          0.00438840          0.00483828
142         2826.36873747         -0.10013530          0.00025449          0.00031293          0.00242617          0.00257582          0.00432639          0.00476984
143         2846.40681363         -0.09827789          0.00025092          0.00030853          0.00239213          0.00253967          0.00426569          0.00470283
144         2866.44488978         -0.09646641          0.00024743          0.00030423          0.00235881          0.00250427          0.00420626          0.00463720
145         2886.48296593         -0.09469975          0.00024400          0.00030001          0.00232617          0.00246960          0.00414806          0.00457293
146         2906.52104208         -0.09297683          0.00024065          0.00029587          0.00229421          0.00243564          0.00409107          0.00450997
147         2926.55911824         -0.09129657          0.00023737          0.00029182          0.00226290          0.00240238          0.00403523          0.00444829
148         2946.59719439         -0.08965794          0.00023415          0.00028785          0.00223222          0.00236978          0.00398054          0.00438786
149         2966.63527054         -0.08805990          0.00023100          0.00028396          0.00220217          0.00233785          0.00392695          0.00432864
150         2986.67334669         -0.08650146          0.00022791          0.00028015          0.00217272          0.00230655          0.00387443          0.00427060
151         3006.71142285         -0.08498164          0.00022488          0.00027641          0.00214386          0.00227587          0.00382296          0.00421371
152         3026.74949900         -0.08349947          0.00022191          0.00027274          0.00211556          0.00224580          0.00377251          0.00415794
153         3046.78757515         -0.08205403          0.00021900          0.00026915          0.00208783          0.00221631          0.00372305          0.00410326
154         3066.82565130         -0.08064439          0.00021615          0.00026562          0.00206064          0.00218740          0.00367456          0.00404964
155         3086.86372745         -0.07926965          0.00021335          0.00026217          0.00203397          0.00215905          0.00362701          0.00399705
156         3106.90180361         -0.07792894          0.00021061          0.00025877          0.00200782          0.00213124          0.00358037          0.00394548
157         3126.93987976         -0.07662141          0.00020792          0.00025545          0.00198217          0.00210397          0.00353463          0.00389489
158         3146.97795591         -0.07534620          0.00020528          0.00025218          0.00195700          0.00207721          0.00348976          0.00384525
159         3167.01603206         -0.07410251          0.00020269          0.00024898          0.00193232          0.00205096          0.00344574          0.00379655
160         3187.05410822         -0.07288953          0.00020015          0.00024583          0.00190810          0.00202519          0.00340255          0.00374876
161         3207.09218437         -0.07170649          0.00019766          0.00024274          0.00188433          0.00199991          0.00336016          0.00370186
162         3227.13026052         -0.07055261          0.00019521          0.00023971          0.00186100          0.00197510          0.00331857          0.00365582
163         3247.16833667         -0.06942715          0.00019281          0.00023674          0.00183810          0.00195074          0.00327773          0.00361063
164         3267.20641283         -0.06832938          0.00019045          0.00023382          0.00181562          0.00192683          0.00323765          0.00356627
165         3287.24448898         -0.06725860          0.00018814          0.00023095          0.00179356          0.00190335          0.00319830          0.00352271
166         3307.28256513         -0.06621409          0.00018586          0.00022813          0.00177189          0.00188030          0.00315966          0.00347994
167         3327.32064128         -0.06519520          0.00018363          0.00022537          0.00175061          0.00185766          0.00312172          0.00343793
168         3347.35871743         -0.06420125          0.00018144          0.00022265          0.00172972          0.00183542          0.00308446          0.00339667
169         3367.39679359         -0.06323160          0.00017929          0.00021998          0.00170919          0.00181358          0.00304786          0.00335615
170         3387.43486974         -0.06228561          0.00017717          0.00021736          0.00168903          0.00179213          0.00301191          0.00331633
171         3407.47294589         -0.06136268          0.00017509          0.00021478          0.00166922          0.00177105          0.00297659          0.00327722
172         3427.51102204         -0.06046220          0.00017305          0.00021225          0.00164976          0.00175034          0.00294188          0.00323878
173         3447.54909820         -0.05958358          0.00017105          0.00020976          0.00163064          0.00172999          0.00290779          0.00320102
174         3467.58717435         -0.05872626          0.00016908          0.00020731          0.00161185          0.00170998          0.00287428          0.00316390
175         3487.62525050         -0.05788967          0.00016714          0.00020491          0.00159338          0.00169033          0.00284134          0.00312742
176         3507.66332665         -0.05707328          0.00016523          0.00020254          0.00157523          0.00167100          0.00280897          0.00309156
177         3527.70140281         -0.05627654          0.00016336          0.00020022          0.00155738          0.00165201          0.00277715          0.00305630
178         3547.73947896         -0.05549895          0.00016152          0.00019793          0.00153984          0.00163333          0.00274587          0.00302164
179         3567.77755511         -0.05473999          0.00015971          0.00019569          0.00152259          0.00161497          0.00271511          0.00298756
180         3587.81563126         -0.05399919          0.00015793          0.00019348          0.00150563          0.00159691          0.00268487          0.00295405
181         3607.85370741         -0.05327605          0.00015618          0.00019130          0.00148895          0.00157916          0.00265513          0.00292110
182         3627.89178357         -0.05257011          0.00015446          0.00018916          0.00147255          0.00156169          0.00262588          0.00288868
183         3647.92985972         -0.05188091          0.00015277          0.00018706          0.00145642          0.00154451          0.00259711          0.00285680
184         3667.96793587         -0.05120801          0.00015111          0.00018499          0.00144055          0.00152762          0.00256881          0.00282544
185         3688.00601202         -0.05055098          0.00014947          0.00018296          0.00142494          0.00151099          0.00254097          0.00279458
186         3708.04408818         -0.04990939          0.00014786          0.00018095          0.00140958          0.00149464          0.00251359          0.00276423
187         3728.08216433         -0.04928284          0.00014627          0.00017898          0.00139447          0.00147854          0.00248664          0.00273436
188         3748.12024048         -0.04867091          0.00014471          0.00017704          0.00137960          0.00146271          0.00246012          0.00270497
189         3768.15831663         -0.04807323          0.00014318          0.00017513          0.00136496          0.00144712          0.00243403          0.00267604
190         3788.19639279         -0.04748940          0.00014167          0.00017325          0.00135056          0.00143179          0.00240834          0.00264757
191         3808.23446894         -0.04691907          0.00014018          0.00017141          0.00133639          0.00141669          0.00238307          0.00261955
192         3828.27254509         -0.04636186          0.00013872          0.00016958          0.00132243          0.00140183          0.00235818          0.00259197
193         3848.31062124         -0.04581742          0.00013728          0.00016779          0.00130870          0.00138720          0.00233369          0.00256482
194         3868.34869739         -0.04528542          0.00013586          0.00016603          0.00129517          0.00137280          0.00230958          0.00253808
195         3888.38677355         -0.04476552          0.00013446          0.00016429          0.00128186          0.00135862          0.00228583          0.00251176
196         3908.42484970         -0.04425739          0.00013309          0.00016258          0.00126875          0.00134465          0.00226245          0.00248584
197         3928.46292585         -0.04376071          0.00013173          0.00016089          0.00125584          0.00133090          0.00223943          0.00246032
198         3948.50100200         -0.04327518          0.00013040          0.00015923          0.00124312          0.00131736          0.00221676          0.00243519
199         3968.53907816         -0.04280050          0.00012908          0.00015760          0.00123060          0.00130402          0.00219443          0.00241043
200         3988.57715431         -0.04233637          0.00012779          0.00015599          0.00121827          0.00129089          0.00217244          0.00238605
201         4008.61523046         -0.04188250          0.00012652          0.00015440          0.00120612          0.00127795          0.00215077          0.00236203
202         4028.65330661         -0.04143863          0.00012526          0.00015284          0.00119415          0.00126520          0.00212943          0.00233837
203         4048.69138277         -0.04100448          0.00012402          0.00015130          0.00118236          0.00125264          0.00210841          0.00231506
204         4068.72945892         -0.04057978          0.00012281          0.00014979          0.00117074          0.00124026          0.00208769          0.00229209
205         4088.76753507         -0.04016428          0.00012160          0.00014829          0.00115930          0.00122807          0.00206728          0.00226947
206         4108.80561122         -0.03975773          0.00012042          0.00014682          0.00114802          0.00121606          0.00204716          0.00224717
207         4128.84368737         -0.03935989          0.00011926          0.00014537          0.00113690          0.00120422          0.00202734          0.00222519
208         4148.88176353         -0.03897052          0.00011811          0.00014394          0.00112594          0.00119255          0.00200780          0.00220354
209         4168.91983968         -0.03858939          0.00011697          0.00014253          0.00111515          0.00118105          0.00198855          0.00218219
210         4188.95791583         -0.03821627          0.00011586          0.00014114          0.00110450          0.00116971          0.00196957          0.00216116
211         4208.99599198         -0.03785095          0.00011476          0.00013977          0.00109401          0.00115853          0.00195086          0.00214042
212         4229.03406814         -0.03749322          0.00011367          0.00013842          0.00108367          0.00114752          0.00193242          0.00211998
213         4249.07214429         -0.03714286          0.00011260          0.00013709          0.00107347          0.00113666          0.00191423          0.00209982
214         4269.11022044         -0.03679968          0.00011155          0.00013578          0.00106342          0.00112595          0.00189631          0.00207995
215         4289.14829659         -0.03646348          0.00011051          0.00013449          0.00105351          0.00111539          0.00187863          0.00206036
216         4309.18637275         -0.03613407          0.00010948          0.00013321          0.00104373          0.00110498          0.00186120          0.00204105
217         4329.22444890         -0.03581127          0.00010847          0.00013195          0.00103409          0.00109471          0.00184401          0.00202200
218         4349.26252505         -0.03549489          0.00010747          0.00013071          0.00102459          0.00108459          0.00182706          0.00200321
219         4369.30060120         -0.03518475          0.00010649          0.00012949          0.00101521          0.00107461          0.00181034          0.00198469
220         4389.33867735         -0.03488070          0.00010552          0.00012828          0.00100596          0.00106476          0.00179385          0.00196641
221         4409.37675351         -0.03458255          0.00010456          0.00012709          0.00099684          0.00105504          0.00177758          0.00194839
222         4429.41482966         -0.03429015          0.00010362          0.00012592          0.00098784          0.00104546          0.00176153          0.00193061
223         4449.45290581         -0.03400335          0.00010269          0.00012476          0.00097896          0.00103601          0.00174570          0.00191308
224         4469.49098196         -0.03372198          0.00010177          0.00012362          0.00097020          0.00102668          0.00173008          0.00189578
225         4489.52905812         -0.03344590          0.00010086          0.00012249          0.00096156          0.00101748          0.00171468          0.00187871
226         4509.56713427         -0.03317496          0.00009997          0.00012138          0.00095304          0.00100840          0.00169947          0.00186187
227         4529.60521042         -0.03290903          0.00009909          0.00012029          0.00094462          0.00099944          0.00168447          0.00184525
228         4549.64328657         -0.03264796          0.00009822          0.00011920          0.00093632          0.00099060          0.00166966          0.00182886
229         4569.68136273         -0.03239162          0.00009736          0.00011814          0.00092813          0.00098188          0.00165505          0.00181268
230         4589.71943888         -0.03213989          0.00009651          0.00011708          0.00092004          0.00097327          0.00164063          0.00179672
231         4609.75751503         -0.03189263          0.00009567          0.00011604          0.00091206          0.00096478          0.00162640          0.00178096
232         4629.79559118         -0.03164972          0.00009484          0.00011502          0.00090418          0.00095639          0.00161235          0.00176541
233         4649.83366733         -0.03141104          0.00009403          0.00011401          0.00089641          0.00094811          0.00159849          0.00175006
234         4669.87174349         -0.03117648          0.00009322          0.00011301          0.00088873          0.00093994          0.00158480          0.00173491
235         4689.90981964         -0.03094593          0.00009243          0.00011202          0.00088115          0.00093188          0.00157128          0.00171995
236         4709.94789579         -0.03071927          0.00009164          0.00011105          0.00087367          0.00092392          0.00155794          0.00170519
237         4729.98597194         -0.03049639          0.00009087          0.00011009          0.00086628          0.00091605          0.00154477          0.00169061
238         4750.02404810         -0.03027720          0.00009010          0.00010914          0.00085899          0.00090829          0.00153176          0.00167622
239         4770.06212425         -0.03006159          0.00008935          0.00010820          0.00085179          0.00090063          0.00151892          0.00166201
240         4790.10020040         -0.02984946          0.00008860          0.00010728          0.00084468          0.00089306          0.00150624          0.00164799
241         4810.13827655         -0.02964073          0.00008787          0.00010636          0.00083765          0.00088559          0.00149372          0.00163413
242         4830.17635271         -0.02943528          0.00008714          0.00010546          0.00083072          0.00087821          0.00148135          0.00162046
243         4850.21442886         -0.02923304          0.00008642          0.00010457          0.00082387          0.00087092          0.00146913          0.00160695
244         4870.25250501         -0.02903392          0.00008571          0.00010369          0.00081710          0.00086373          0.00145707          0.00159361
245         4890.29058116         -0.02883782          0.00008501          0.00010282          0.00081042          0.00085662          0.00144515          0.00158043
246         4910.32865731         -0.02864468          0.00008432          0.00010197          0.00080382          0.00084960          0.00143338          0.00156742
247         4930.36673347         -0.02845440          0.00008363          0.00010112          0.00079730          0.00084266          0.00142176          0.00155457
248         4950.40480962         -0.02826692          0.00008296          0.00010028          0.00079086          0.00083581          0.00141027          0.00154187
249         4970.44288577         -0.02808214          0.00008229          0.00009946          0.00078449          0.00082904          0.00139892          0.00152933
250         4990.48096192         -0.02790001          0.00008163          0.00009864          0.00077821          0.00082236          0.00138771          0.00151694
251         5010.51903808         -0.02772044          0.00008098          0.00009784          0.00077199          0.00081575          0.00137663          0.00150471
252         5030.55711423         -0.02754337          0.00008033          0.00009704          0.00076586          0.00080923          0.00136569          0.00149261
253         5050.59519038         -0.02736872          0.00007970          0.00009625          0.00075979          0.00080278          0.00135487          0.00148067
254         5070.63326653         -0.02719644          0.00007907          0.00009548          0.00075380          0.00079641          0.00134418          0.00146887
255         5090.67134269         -0.02702646          0.00007845          0.00009471          0.00074788          0.00079011          0.00133362          0.00145720
256         5110.70941884         -0.02685872          0.00007783          0.00009395          0.00074202          0.00078389          0.00132319          0.00144568
257         5130.74749499         -0.02669315          0.00007723          0.00009320          0.00073624          0.00077774          0.00131287          0.00143429
258         5150.78557114         -0.02652970          0.00007663          0.00009246          0.00073052          0.00077166          0.00130268          0.00142304
259         5170.82364729         -0.02636831          0.00007604          0.00009173          0.00072487          0.00076566          0.00129260          0.00141191
260         5190.86172345         -0.02620892          0.00007545          0.00009101          0.00071928          0.00075972          0.00128264          0.00140092
261         5210.89979960         -0.02605148          0.00007487          0.00009029          0.00071376          0.00075386          0.00127279          0.00139006
262         5230.93787575         -0.02589594          0.00007430          0.00008959          0.00070830          0.00074806          0.00126306          0.00137932
263         5250.97595190         -0.02574225          0.00007373          0.00008889          0.00070291          0.00074232          0.00125344          0.00136870
264         5271.01402806         -0.02559036          0.00007317          0.00008820          0.00069758          0.00073666          0.00124393          0.00135821
265         5291.05210421         -0.02544021          0.00007262          0.00008752          0.00069230          0.00073106          0.00123452          0.00134784
266         5311.09018036         -0.02529177          0.00007207          0.00008685          0.00068709          0.00072552          0.00122523          0.00133759
267         5331.12825651         -0.02514499          0.00007153          0.00008618          0.00068193          0.00072004          0.00121603          0.00132745
268         5351.16633267         -0.02499982          0.00007100          0.00008552          0.00067683          0.00071463          0.00120694          0.00131743
269         5371.20440882         -0.02485622          0.00007047          0.00008487          0.00067179          0.00070928          0.00119795          0.00130752
270         5391.24248497         -0.02471415          0.00006995          0.00008423          0.00066681          0.00070398          0.00118907          0.00129772
271         5411.28056112         -0.02457357          0.00006943          0.00008359          0.00066188          0.00069875          0.00118028          0.00128804
272         5431.31863727         -0.02443444          0.00006892          0.00008296          0.00065701          0.00069357          0.00117158          0.00127846
273         5451.35671343         -0.02429672          0.00006841          0.00008234          0.00065218          0.00068845          0.00116299          0.00126899
274         5471.39478958         -0.02416038          0.00006791          0.00008173          0.00064742          0.00068339          0.00115448          0.00125962
275         5491.43286573         -0.02402538          0.00006742          0.00008112          0.00064270          0.00067839          0.00114607          0.00125036
276         5511.47094188         -0.02389169          0.00006693          0.00008052          0.00063803          0.00067344          0.00113775          0.00124120
277         5531.50901804         -0.02375927          0.00006644          0.00007993          0.00063342          0.00066854          0.00112953          0.00123214
278         5551.54709419         -0.02362808          0.00006596          0.00007934          0.00062886          0.00066370          0.00112139          0.00122318
279         5571.58517034         -0.02349811          0.00006549          0.00007876          0.00062434          0.00065890          0.00111334          0.00121431
280         5591.62324649         -0.02336931          0.00006502          0.00007818          0.00061987          0.00065416          0.00110537          0.00120555
281         5611.66132265         -0.02324166          0.00006456          0.00007761          0.00061546          0.00064948          0.00109749          0.00119688
282         5631.69939880         -0.02311513          0.00006410          0.00007705          0.00061108          0.00064484          0.00108969          0.00118830
283         5651.73747495         -0.02298969          0.00006365          0.00007650          0.00060676          0.00064025          0.00108198          0.00117981
284         5671.77555110         -0.02286531          0.00006320          0.00007595          0.00060248          0.00063571          0.00107435          0.00117142
285         5691.81362725         -0.02274197          0.00006275          0.00007540          0.00059824          0.00063122          0.00106680          0.00116311
286         5711.85170341         -0.02261964          0.00006231          0.00007486          0.00059405          0.00062678          0.00105933          0.00115489
287         5731.88977956         -0.02249829          0.00006188          0.00007433          0.00058991          0.00062238          0.00105193          0.00114676
288         5751.92785571         -0.02237791          0.00006145          0.00007380          0.00058580          0.00061803          0.00104462          0.00113872
289         5771.96593186         -0.02225847          0.00006102          0.00007328          0.00058174          0.00061372          0.00103738          0.00113076
290         5792.00400802         -0.02213995          0.00006060          0.00007277          0.00057773          0.00060946          0.00103021          0.00112289
291         5812.04208417         -0.02202232          0.00006018          0.00007226          0.00057375          0.00060525          0.00102312          0.00111509
292         5832.08016032         -0.02190556          0.00005977          0.00007175          0.00056981          0.00060108          0.00101610          0.00110738
293         5852.11823647         -0.02178966          0.00005936          0.00007125          0.00056592          0.00059695          0.00100915          0.00109975
294         5872.15631263         -0.02167459          0.00005896          0.00007076          0.00056206          0.00059286          0.00100228          0.00109220
295         5892.19438878         -0.02156034          0.00005856          0.00007027          0.00055825          0.00058882          0.00099547          0.00108472
296         5912.23246493         -0.02144688          0.00005816          0.00006979          0.00055447          0.00058481          0.00098874          0.00107732
297         5932.27054108         -0.02133419          0.00005777          0.00006931          0.00055073          0.00058085          0.00098207          0.00107000
298         5952.30861723         -0.02122227          0.00005738          0.00006884          0.00054703          0.00057693          0.00097547          0.00106275
299         5972.34669339         -0.02111109          0.00005700          0.00006837          0.00054336          0.00057305          0.00096893          0.00105558
300         5992.38476954         -0.02100064          0.00005662          0.00006790          0.00053973          0.00056920          0.00096246          0.00104848
301         6012.42284569         -0.02089089          0.00005624          0.00006744          0.00053614          0.00056540          0.00095606          0.00104145
302         6032.46092184         -0.02078184          0.00005587          0.00006699          0.00053259          0.00056163          0.00094972          0.00103449
303         6052.49899800         -0.02067347          0.00005550          0.00006654          0.00052907          0.00055790          0.00094344          0.00102760
304         6072.53707415         -0.02056577          0.00005513          0.00006609          0.00052558          0.00055421          0.00093722          0.00102079
305         6092.57515030         -0.02045872          0.00005477          0.00006565          0.00052213          0.00055056          0.00093107          0.00101403
306         6112.61322645         -0.02035230          0.00005441          0.00006522          0.00051871          0.00054694          0.00092497          0.00100735
307         6132.65130261         -0.02024651          0.00005406          0.00006479          0.00051533          0.00054336          0.00091894          0.00100073
308         6152.68937876         -0.02014134          0.00005370          0.00006436          0.00051198          0.00053981          0.00091296          0.00099418
309         6172.72745491         -0.02003676          0.00005336          0.00006393          0.00050866          0.00053630          0.00090705          0.00098769
310         6192.76553106         -0.01993277          0.00005301          0.00006352          0.00050537          0.00053282          0.00090119          0.00098127
311         6212.80360721         -0.01982935          0.00005267          0.00006310          0.00050212          0.00052937          0.00089538          0.00097491
312         6232.84168337         -0.01972651          0.00005233          0.00006269          0.00049889          0.00052596          0.00088963          0.00096861
313         6252.87975952         -0.01962421          0.00005200          0.00006228          0.00049570          0.00052258          0.00088394          0.00096237
314         6272.91783567         -0.01952246          0.00005166          0.00006188          0.00049254          0.00051924          0.00087830          0.00095620
315         6292.95591182         -0.01942125          0.00005134          0.00006148          0.00048941          0.00051592          0.00087272          0.00095008
316         6312.99398798         -0.01932055          0.00005101          0.00006109          0.00048630          0.00051264          0.00086719          0.00094402
317         6333.03206413         -0.01922038          0.00005069          0.00006070          0.00048323          0.00050939          0.00086171          0.00093802
318         6353.07014028         -0.01912071          0.00005037          0.00006031          0.00048019          0.00050617          0.00085628          0.00093208
319         6373.10821643         -0.01902153          0.00005005          0.00005992          0.00047717          0.00050298          0.00085090          0.00092619
320         6393.14629259         -0.01892285          0.00004974          0.00005954          0.00047419          0.00049982          0.00084558          0.00092036
321         6413.18436874         -0.01882464          0.00004943          0.00005917          0.00047123          0.00049670          0.00084030          0.00091459
322         6433.22244489         -0.01872691          0.00004912          0.00005880          0.00046830          0.00049360          0.00083508          0.00090887
323         6453.26052104         -0.01862964          0.00004882          0.00005843          0.00046539          0.00049053          0.00082990          0.00090320
324         6473.29859719         -0.01853283          0.00004852          0.00005806          0.00046252          0.00048748          0.00082477          0.00089759
325         6493.33667335         -0.01843647          0.00004822          0.00005770          0.00045967          0.00048447          0.00081969          0.00089203
326         6513.37474950         -0.01834056          0.00004792          0.00005734          0.00045684          0.00048149          0.00081465          0.00088652
327         6533.41282565         -0.01824508          0.00004763          0.00005699          0.00045405          0.00047853          0.00080966          0.00088106
328         6553.45090180         -0.01815003          0.00004734          0.00005663          0.00045127          0.00047560          0.00080472          0.00087566
329         6573.48897796         -0.01805540          0.00004705          0.00005629          0.00044853          0.00047269          0.00079982          0.00087030
330         6593.52705411         -0.01796120          0.00004676          0.00005594          0.00044580          0.00046982          0.00079496          0.00086499
331         6613.56513026         -0.01786740          0.00004648          0.00005560          0.00044311          0.00046697          0.00079015          0.00085974
332         6633.60320641         -0.01777402          0.00004620          0.00005526          0.00044043          0.00046414          0.00078539          0.00085453
333         6653.64128257         -0.01768103          0.00004592          0.00005493          0.00043778          0.00046134          0.00078066          0.00084936
334         6673.67935872         -0.01758844          0.00004565          0.00005459          0.00043516          0.00045857          0.00077598          0.00084425
335         6693.71743487         -0.01749624          0.00004537          0.00005426          0.00043256          0.00045582          0.00077134          0.00083918
336         6713.75551102         -0.01740443          0.00004510          0.00005394          0.00042998          0.00045310          0.00076675          0.00083416
337         6733.79358717         -0.01731300          0.00004483          0.00005361          0.00042742          0.00045040          0.00076219          0.00082918
338         6753.83166333         -0.01722195          0.00004457          0.00005329          0.00042489          0.00044772          0.00075767          0.00082425
339         6773.86973948         -0.01713127          0.00004431          0.00005298          0.00042238          0.00044507          0.00075320          0.00081936
340         6793.90781563         -0.01704096          0.00004404          0.00005266          0.00041989          0.00044245          0.00074876          0.00081452
341         6813.94589178         -0.01695102          0.00004379          0.00005235          0.00041743          0.00043984          0.00074437          0.00080971
342         6833.98396794         -0.01686143          0.00004353          0.00005204          0.00041498          0.00043726          0.00074001          0.00080496
343         6854.02204409         -0.01677221          0.00004328          0.00005173          0.00041256          0.00043470          0.00073569          0.00080024
344         6874.06012024         -0.01668334          0.00004302          0.00005143          0.00041016          0.00043217          0.00073140          0.00079557
345         6894.09819639         -0.01659481          0.00004277          0.00005113          0.00040778          0.00042965          0.00072716          0.00079093
346         6914.13627255         -0.01650664          0.00004253          0.00005083          0.00040542          0.00042716          0.00072295          0.00078634
347         6934.17434870         -0.01641881          0.00004228          0.00005054          0.00040308          0.00042469          0.00071878          0.00078179
348         6954.21242485         -0.01633132          0.00004204          0.00005024          0.00040076          0.00042224          0.00071464          0.00077728
349         6974.25050100         -0.01624417          0.00004180          0.00004995          0.00039846          0.00041982          0.00071054          0.00077280
350         6994.28857715         -0.01615735          0.00004156          0.00004967          0.00039618          0.00041741          0.00070647          0.00076837
351         7014.32665331         -0.01607087          0.00004132          0.00004938          0.00039392          0.00041502          0.00070244          0.00076397
352         7034.36472946         -0.01598472          0.00004109          0.00004910          0.00039168          0.00041266          0.00069845          0.00075962
353         7054.40280561         -0.01589889          0.00004085          0.00004882          0.00038946          0.00041032          0.00069449          0.00075530
354         7074.44088176         -0.01581339          0.00004062          0.00004854          0.00038725          0.00040799          0.00069056          0.00075101
355         7094.47895792         -0.01572821          0.00004039          0.00004827          0.00038507          0.00040569          0.00068666          0.00074677
356         7114.51703407         -0.01564335          0.00004016          0.00004799          0.00038290          0.00040340          0.00068280          0.00074256
357         7134.55511022         -0.01555881          0.00003994          0.00004772          0.00038075          0.00040114          0.00067897          0.00073838
358         7154.59318637         -0.01547459          0.00003972          0.00004745          0.00037863          0.00039889          0.00067517          0.00073424
359         7174.63126253         -0.01539068          0.00003949          0.00004719          0.00037651          0.00039666          0.00067140          0.00073014
360         7194.66933868         -0.01530708          0.00003927          0.00004693          0.00037442          0.00039445          0.00066767          0.00072607
361         7214.70741483         -0.01522379          0.00003906          0.00004666          0.00037234          0.00039226          0.00066397          0.00072204
362         7234.74549098         -0.01514082          0.00003884          0.00004640          0.00037028          0.00039009          0.00066029          0.00071804
363         7254.78356713         -0.01505815          0.00003863          0.00004615          0.00036824          0.00038794          0.00065665          0.00071407
364         7274.82164329         -0.01497578          0.00003841          0.00004589          0.00036621          0.00038580          0.00065304          0.00071014
365         7294.85971944         -0.01489372          0.00003820          0.00004564          0.00036420          0.00038368          0.00064946          0.00070624
366         7314.89779559         -0.01481196          0.00003799          0.00004539          0.00036221          0.00038158          0.00064590          0.00070237
367         7334.93587174         -0.01473050          0.00003779          0.00004514          0.00036024          0.00037950          0.00064238          0.00069853
368         7354.97394790         -0.01464935          0.00003758          0.00004490          0.00035828          0.00037743          0.00063888          0.00069473
369         7375.01202405         -0.01456849          0.00003738          0.00004465          0.00035633          0.00037538          0.00063542          0.00069095
370         7395.05010020         -0.01448793          0.00003718          0.00004441          0.00035440          0.00037335          0.00063198          0.00068721
371         7415.08817635         -0.01440766          0.00003697          0.00004417          0.00035249          0.00037134          0.00062857          0.00068350
372         7435.12625251         -0.01432769          0.00003678          0.00004393          0.00035059          0.00036934          0.00062518          0.00067982
373         7455.16432866         -0.01424801          0.00003658          0.00004370          0.00034871          0.00036735          0.00062183          0.00067617
374         7475.20240481         -0.01416863          0.00003638          0.00004346          0.00034684          0.00036539          0.00061850          0.00067255
375         7495.24048096         -0.01408954          0.00003619          0.00004323          0.00034499          0.00036343          0.00061519          0.00066895
376         7515.27855711         -0.01401073          0.00003600          0.00004300          0.00034315          0.00036150          0.00061192          0.00066539
377         7535.31663327         -0.01393222          0.00003580          0.00004277          0.00034133          0.00035958          0.00060867          0.00066186
378         7555.35470942         -0.01385400          0.00003561          0.00004254          0.00033952          0.00035767          0.00060544          0.00065835
379         7575.39278557         -0.01377607          0.00003543          0.00004232          0.00033773          0.00035578          0.00060224          0.00065487
380         7595.43086172         -0.01369842          0.00003524          0.00004210          0.00033595          0.00035391          0.00059907          0.00065142
381         7615.46893788         -0.01362106          0.00003505          0.00004188          0.00033418          0.00035205          0.00059592          0.00064800
382         7635.50701403         -0.01354398          0.00003487          0.00004166          0.00033243          0.00035021          0.00059280          0.00064461
383         7655.54509018         -0.01346719          0.00003469          0.00004144          0.00033069          0.00034837          0.00058970          0.00064124
384         7675.58316633         -0.01339069          0.00003451          0.00004122          0.00032897          0.00034656          0.00058663          0.00063790
385         7695.62124249         -0.01331447          0.00003433          0.00004101          0.00032726          0.00034476          0.00058357          0.00063458
386         7715.65931864         -0.01323853          0.00003415          0.00004080          0.00032556          0.00034297          0.00058055          0.00063129
387         7735.69739479         -0.01316287          0.00003397          0.00004059          0.00032388          0.00034120          0.00057754          0.00062803
388         7755.73547094         -0.01308750          0.00003380          0.00004038          0.00032221          0.00033944          0.00057456          0.00062479
389         7775.77354709         -0.01301241          0.00003362          0.00004017          0.00032055          0.00033769          0.00057161          0.00062158
390         7795.81162325         -0.01293759          0.00003345          0.00003996          0.00031890          0.00033596          0.00056867          0.00061839
391         7815.84969940         -0.01286306          0.00003328          0.00003976          0.00031727          0.00033424          0.00056576          0.00061523
392         7835.88777555         -0.01278881          0.00003311          0.00003956          0.00031565          0.00033253          0.00056287          0.00061209
393         7855.92585170         -0.01271484          0.00003294          0.00003936          0.00031404          0.00033084          0.00056000          0.00060898
394         7875.96392786         -0.01264115          0.00003277          0.00003916          0.00031244          0.00032916          0.00055715          0.00060589
395         7896.00200401         -0.01256773          0.00003261          0.00003896          0.00031086          0.00032750          0.00055433          0.00060283
396         7916.04008016         -0.01249460          0.00003244          0.00003876          0.00030929          0.00032584          0.00055153          0.00059978
397         7936.07815631         -0.01242174          0.00003228          0.00003857          0.00030773          0.00032420          0.00054875          0.00059677
398         7956.11623246         -0.01234916          0.00003212          0.00003838          0.00030618          0.00032257          0.00054599          0.00059377
399         7976.15430862         -0.01227685          0.00003196          0.00003819          0.00030464          0.00032096          0.00054325          0.00059080
400         7996.19238477         -0.01220483          0.00003180          0.00003800          0.00030312          0.00031935          0.00054053          0.00058785
401         8016.23046092         -0.01213307          0.00003164          0.00003781          0.00030161          0.00031776          0.00053783          0.00058492
402         8036.26853707         -0.01206160          0.00003148          0.00003762          0.00030010          0.00031618          0.00053515          0.00058201
403         8056.30661323         -0.01199040          0.00003132          0.00003743          0.00029861          0.00031461          0.00053249          0.00057913
404         8076.34468938         -0.01191947          0.00003117          0.00003725          0.00029713          0.00031305          0.00052985          0.00057627
405         8096.38276553         -0.01184882          0.00003101          0.00003707          0.00029566          0.00031151          0.00052723          0.00057343
406         8116.42084168         -0.01177845          0.00003086          0.00003689          0.00029421          0.00030998          0.00052463          0.00057061
407         8136.45891784         -0.01170835          0.00003071          0.00003671          0.00029276          0.00030845          0.00052205          0.00056781
408         8156.49699399         -0.01163852          0.00003056          0.00003653          0.00029132          0.00030694          0.00051949          0.00056504
409         8176.53507014         -0.01156896          0.00003041          0.00003635          0.00028989          0.00030544          0.00051695          0.00056228
410         8196.57314629         -0.01149968          0.00003026          0.00003617          0.00028848          0.00030396          0.00051442          0.00055954
411         8216.61122244         -0.01143068          0.00003011          0.00003600          0.00028707          0.00030248          0.00051192          0.00055683
412         8236.64929860         -0.01136194          0.00002997          0.00003582          0.00028568          0.00030101          0.00050943          0.00055413
413         8256.68737475         -0.01129348          0.00002982          0.00003565          0.00028429          0.00029956          0.00050696          0.00055146
414         8276.72545090         -0.01122529          0.00002968          0.00003548          0.00028292          0.00029811          0.00050451          0.00054880
415         8296.76352705         -0.01115737          0.00002953          0.00003531          0.00028155          0.00029668          0.00050207          0.00054616
416         8316.80160321         -0.01108973          0.00002939          0.00003514          0.00028020          0.00029525          0.00049966          0.00054355
417         8336.83967936         -0.01102236          0.00002925          0.00003498          0.00027885          0.00029384          0.00049726          0.00054095
418         8356.87775551         -0.01095525          0.00002911          0.00003481          0.00027752          0.00029243          0.00049487          0.00053837
419         8376.91583166         -0.01088842          0.00002897          0.00003465          0.00027619          0.00029104          0.00049251          0.00053581
420         8396.95390782         -0.01082186          0.00002883          0.00003448          0.00027488          0.00028966          0.00049016          0.00053327
421         8416.99198397         -0.01075557          0.00002870          0.00003432          0.00027357          0.00028828          0.00048783          0.00053074
422         8437.03006012         -0.01068955          0.00002856          0.00003416          0.00027227          0.00028692          0.00048552          0.00052824
423         8457.06813627         -0.01062380          0.00002842          0.00003400          0.00027098          0.00028557          0.00048322          0.00052575
424         8477.10621242         -0.01055832          0.00002829          0.00003384          0.00026970          0.00028422          0.00048094          0.00052328
425         8497.14428858         -0.01049311          0.00002816          0.00003368          0.00026843          0.00028289          0.00047867          0.00052083
426         8517.18236473         -0.01042817          0.00002802          0.00003353          0.00026717          0.00028156          0.00047642          0.00051839
427         8537.22044088         -0.01036350          0.00002789          0.00003337          0.00026592          0.00028025          0.00047419          0.00051598
428         8557.25851703         -0.01029909          0.00002776          0.00003322          0.00026467          0.00027894          0.00047197          0.00051358
429         8577.29659319         -0.01023496          0.00002763          0.00003307          0.00026344          0.00027764          0.00046977          0.00051120
430         8597.33466934         -0.01017109          0.00002750          0.00003291          0.00026221          0.00027635          0.00046758          0.00050883
431         8617.37274549         -0.01010749          0.00002738          0.00003276          0.00026099          0.00027508          0.00046541          0.00050648
432         8637.41082164         -0.01004416          0.00002725          0.00003261          0.00025978          0.00027381          0.00046325          0.00050415
433         8657.44889780         -0.00998109          0.00002712          0.00003246          0.00025858          0.00027254          0.00046111          0.00050183
434         8677.48697395         -0.00991830          0.00002700          0.00003232          0.00025739          0.00027129          0.00045898          0.00049953
435         8697.52505010         -0.00985577          0.00002687          0.00003217          0.00025621          0.00027005          0.00045687          0.00049725
436         8717.56312625         -0.00979350          0.00002675          0.00003202          0.00025503          0.00026881          0.00045477          0.00049498
437         8737.60120240         -0.00973151          0.00002663          0.00003188          0.00025386          0.00026759          0.00045269          0.00049273
438         8757.63927856         -0.00966978          0.00002651          0.00003174          0.00025270          0.00026637          0.00045062          0.00049049
439         8777.67735471         -0.00960831          0.00002639          0.00003159          0.00025155          0.00026516          0.00044856          0.00048827
440         8797.71543086         -0.00954711          0.00002627          0.00003145          0.00025040          0.00026396          0.00044652          0.00048607
441         8817.75350701         -0.00948618          0.00002615          0.00003131          0.00024927          0.00026277          0.00044450          0.00048388
442         8837.79158317         -0.00942551          0.00002603          0.00003117          0.00024814          0.00026158          0.00044248          0.00048170
443         8857.82965932         -0.00936510          0.00002591          0.00003103          0.00024702          0.00026040          0.00044048          0.00047954
444         8877.86773547         -0.00930496          0.00002579          0.00003090          0.00024590          0.00025924          0.00043850          0.00047740
445         8897.90581162         -0.00924508          0.00002568          0.00003076          0.00024480          0.00025807          0.00043652          0.00047526
446         8917.94388778         -0.00918547          0.00002556          0.00003063          0.00024370          0.00025692          0.00043456          0.00047315
447         8937.98196393         -0.00912612          0.00002545          0.00003049          0.00024261          0.00025578          0.00043262          0.00047105
448         8958.02004008         -0.00906703          0.00002533          0.00003036          0.00024152          0.00025464          0.00043068          0.00046896
449         8978.05811623         -0.00900820          0.00002522          0.00003022          0.00024044          0.00025351          0.00042876          0.00046689
450         8998.09619238         -0.00894964          0.00002511          0.00003009          0.00023937          0.00025239          0.00042686          0.00046483
451         9018.13426854         -0.00889134          0.00002500          0.00002996          0.00023831          0.00025127          0.00042496          0.00046278
452         9038.17234469         -0.00883330          0.00002489          0.00002983          0.00023726          0.00025017          0.00042308          0.00046075
453         9058.21042084         -0.00877552          0.00002478          0.00002970          0.00023621          0.00024907          0.00042121          0.00045873
454         9078.24849699         -0.00871800          0.00002467          0.00002957          0.00023517          0.00024797          0.00041935          0.00045673
455         9098.28657315         -0.00866074          0.00002456          0.00002945          0.00023413          0.00024689          0.00041751          0.00045474
456         9118.32464930         -0.00860375          0.00002445          0.00002932          0.00023310          0.00024581          0.00041567          0.00045276
457         9138.36272545         -0.00854701          0.00002434          0.00002919          0.00023208          0.00024474          0.00041385          0.00045080
458         9158.40080160         -0.00849053          0.00002424          0.00002907          0.00023107          0.00024368          0.00041204          0.00044885
459         9178.43887776         -0.00843431          0.00002413          0.00002895          0.00023006          0.00024262          0.00041025          0.00044691
460         9198.47695391         -0.00837835          0.00002403          0.00002882          0.00022906          0.00024157          0.00040846          0.00044498
461         9218.51503006         -0.00832265          0.00002392          0.00002870          0.00022806          0.00024053          0.00040669          0.00044307
462         9238.55310621         -0.00826720          0.00002382          0.00002858          0.00022708          0.00023949          0.00040493          0.00044117
463         9258.59118236         -0.00821201          0.00002372          0.00002846          0.00022609          0.00023846          0.00040318          0.00043928
464         9278.62925852         -0.00815708          0.00002361          0.00002834          0.00022512          0.00023744          0.00040144          0.00043741
465         9298.66733467         -0.00810241          0.00002351          0.00002822          0.00022415          0.00023643          0.00039971          0.00043555
466         9318.70541082         -0.00804799          0.00002341          0.00002810          0.00022319          0.00023542          0.00039799          0.00043370
467         9338.74348697         -0.00799382          0.00002331          0.00002798          0.00022223          0.00023441          0.00039628          0.00043186
468         9358.78156313         -0.00793992          0.00002321          0.00002787          0.00022128          0.00023342          0.00039459          0.00043003
469         9378.81963928         -0.00788626          0.00002311          0.00002775          0.00022033          0.00023243          0.00039290          0.00042822
470         9398.85771543         -0.00783286          0.00002301          0.00002764          0.00021940          0.00023145          0.00039123          0.00042641
471         9418.89579158         -0.00777972          0.00002292          0.00002752          0.00021846          0.00023047          0.00038957          0.00042462
472         9438.93386774         -0.00772682          0.00002282          0.00002741          0.00021754          0.00022950          0.00038792          0.00042284
473         9458.97194389         -0.00767418          0.00002272          0.00002730          0.00021662          0.00022853          0.00038627          0.00042108
474         9479.01002004         -0.00762179          0.00002263          0.00002718          0.00021570          0.00022758          0.00038464          0.00041932
475         9499.04809619         -0.00756966          0.00002253          0.00002707          0.00021479          0.00022662          0.00038302          0.00041757
476         9519.08617234         -0.00751777          0.00002244          0.00002696          0.00021389          0.00022568          0.00038141          0.00041584
477         9539.12424850         -0.00746614          0.00002234          0.00002685          0.00021299          0.00022474          0.00037981          0.00041412
478         9559.16232465         -0.00741476          0.00002225          0.00002674          0.00021210          0.00022380          0.00037822          0.00041241
479         9579.20040080         -0.00736362          0.00002216          0.00002663          0.00021121          0.00022288          0.00037664          0.00041070
480         9599.23847695         -0.00731274          0.00002206          0.00002653          0.00021033          0.00022195          0.00037507          0.00040901
481         9619.27655311         -0.00726210          0.00002197          0.00002642          0.00020946          0.00022104          0.00037351          0.00040733
482         9639.31462926         -0.00721172          0.00002188          0.00002631          0.00020859          0.00022013          0.00037196          0.00040567
483         9659.35270541         -0.00716158          0.00002179          0.00002621          0.00020772          0.00021922          0.00037041          0.00040401
484         9679.39078156         -0.00711168          0.00002170          0.00002610          0.00020686          0.00021832          0.00036888          0.00040236
485         9699.42885772         -0.00706204          0.00002161          0.00002600          0.00020601          0.00021743          0.00036736          0.00040072
486         9719.46693387         -0.00701264          0.00002152          0.00002589          0.00020516          0.00021654          0.00036585          0.00039910
487         9739.50501002         -0.00696348          0.00002143          0.00002579          0.00020432          0.00021566          0.00036434          0.00039748
488         9759.54308617         -0.00691457          0.00002134          0.00002569          0.00020348          0.00021478          0.00036285          0.00039587
489         9779.58116232         -0.00686591          0.00002126          0.00002559          0.00020265          0.00021391          0.00036136          0.00039428
490         9799.61923848         -0.00681749          0.00002117          0.00002549          0.00020182          0.00021305          0.00035989          0.00039269
491         9819.65731463         -0.00676931          0.00002108          0.00002539          0.00020100          0.00021218          0.00035842          0.00039111
492         9839.69539078         -0.00672138          0.00002100          0.00002529          0.00020018          0.00021133          0.00035696          0.00038955
493         9859.73346693         -0.00667368          0.00002091          0.00002519          0.00019937          0.00021048          0.00035551          0.00038799
494         9879.77154309         -0.00662623          0.00002083          0.00002509          0.00019856          0.00020963          0.00035407          0.00038644
495         9899.80961924         -0.00657902          0.00002074          0.00002499          0.00019775          0.00020879          0.00035264          0.00038490
496         9919.84769539         -0.00653205          0.00002066          0.00002489          0.00019696          0.00020796          0.00035122          0.00038338
497         9939.88577154         -0.00648532          0.00002058          0.00002480          0.00019616          0.00020713          0.00034980          0.00038186
498         9959.92384770         -0.00643883          0.00002049          0.00002470          0.00019537          0.00020631          0.00034839          0.00038035
499         9979.96192385         -0.00639258          0.00002041          0.00002461          0.00019459          0.00020549          0.00034700          0.00037885
500        10000.00000000         -0.00634657          0.00002033          0.00002451          0.00019381          0.00020467          0.00034561          0.00037736
