  1            0.00438589       2023.73024371      19371.88155283      34551.51497692
  2            0.03953452         15.90427891        229.41288755        416.23271589
  3            0.07468315         -1.75689647         58.07366172        110.42281899
  4            0.10983178         -5.00899157         22.65483473         46.84978407
  5            0.14498040         -5.75458111         10.12175644         23.98465554
  6            0.18012903         -5.70904213          4.57612654         13.51701169
  7            0.21527766         -5.35201061          1.84984868          8.05134339
  8            0.25042629         -4.87313331          0.45210719          4.95977762
  9            0.28557492         -4.36314647         -0.26102461          3.11658917
 10            0.32072355         -3.86903655         -0.60378565          1.97644397
 11            0.35587218         -3.41483962         -0.74234790          1.25217005
 12            0.39102081         -3.01142135         -0.76939167          0.78362710
 13            0.42616944         -2.66190666         -0.73845958          0.47792229
 14            0.46131807         -2.36500058         -0.68111406          0.27963770
 15            0.49646670         -2.11706937         -0.61592523          0.15484902
 16            0.53161533         -1.91338677         -0.55322776          0.08188920
 17            0.56676396         -1.74880075         -0.49766139          0.04570161
 18            0.60191258         -1.61804095         -0.44989493          0.03462549
 19            0.63706121         -1.51587053         -0.40842735          0.03920573
 20            0.67220984         -1.43723242         -0.37133718          0.05219721
 21            0.70735847         -1.37743807         -0.33729721          0.06863166
 22            0.74250710         -1.33235375         -0.30572556          0.08547763
 23            0.77765573         -1.29851598         -0.27651383          0.10108657
 24            0.81280436         -1.27314829         -0.24973039          0.11468622
 25            0.84795299         -1.25409904         -0.22544120          0.12601647
 26            0.88310162         -1.23973942         -0.20363922          0.13509666
 27            0.91825025         -1.22885446         -0.18423679          0.14208590
 28            0.95339888         -1.22054549         -0.16708399          0.14720251
 29            0.98854751         -1.21415062         -0.15199292          0.15067922
 30            1.02369614         -1.20918328         -0.13875886          0.15273950
 31            1.05884476         -1.20528602         -0.12717598          0.15358613
 32            1.09399339         -1.20219634         -0.11704754          0.15339692
 33            1.12914202         -1.19972153         -0.10819179          0.15232427
 34            1.16429065         -1.19772006         -0.10044474          0.15049705
 35            1.19943928         -1.19608795         -0.09366075          0.14802362
 36            1.23458791         -1.19474851         -0.08771198          0.14499551
 37            1.26973654         -1.19364480         -0.08248693          0.14149143
 38            1.30488517         -1.19273394         -0.07788879          0.13758128
 39            1.34003380         -1.19198294         -0.07383358          0.13332990
 40            1.37518243         -1.19136556         -0.07024845          0.12880012
 41            1.41033106         -1.19086001         -0.06707003          0.12405482
 42            1.44547969         -1.19044732         -0.06424307          0.11915752
 43            1.48062832         -1.19011022         -0.06171917          0.11417161
 44            1.51577694         -1.18983231         -0.05945582          0.10915854
 45            1.55092557         -1.18959767         -0.05741551          0.10417549
 46            1.58607420         -1.18939050         -0.05556507          0.09927322
 47            1.62122283         -1.18919510         -0.05387512          0.09449457
 48            1.65637146         -1.18899584         -0.05231963          0.08987375
 49            1.69152009         -1.18877722         -0.05087561          0.08543642
 50            1.72666872         -1.18852405         -0.04952277          0.08120035
 51            1.76181735         -1.18822155         -0.04824333          0.07717640
 52            1.79696598         -1.18785549         -0.04702186          0.07336964
 53            1.83211461         -1.18741237         -0.04584503          0.06978049
 54            1.86726324         -1.18687951         -0.04470154          0.06640579
 55            1.90241187         -1.18624517         -0.04358192          0.06323964
 56            1.93756049         -1.18549861         -0.04247839          0.06027424
 57            1.97270912         -1.18463014         -0.04138471          0.05750048
 58            2.00785775         -1.18363117         -0.04029604          0.05490847
 59            2.04300638         -1.18249419         -0.03920879          0.05248788
 60            2.07815501         -1.18121278         -0.03812046          0.05022833
 61            2.11330364         -1.17978158         -0.03702950          0.04811953
 62            2.14845227         -1.17819624         -0.03593516          0.04615150
 63            2.18360090         -1.17645337         -0.03483740          0.04431463
 64            2.21874953         -1.17455049         -0.03373671          0.04259983
 65            2.25389816         -1.17248599         -0.03263404          0.04099851
 66            2.28904679         -1.17025903         -0.03153070          0.03950261
 67            2.32419542         -1.16786947         -0.03042824          0.03810464
 68            2.35934405         -1.16531787         -0.02932840          0.03679763
 69            2.39449267         -1.16260533         -0.02823304          0.03557515
 70            2.42964130         -1.15973352         -0.02714408          0.03443123
 71            2.46478993         -1.15670455         -0.02606346          0.03336040
 72            2.49993856         -1.15352097         -0.02499310          0.03235762
 73            2.53508719         -1.15018567         -0.02393487          0.03141824
 74            2.57023582         -1.14670188         -0.02289057          0.03053800
 75            2.60538445         -1.14307307         -0.02186191          0.02971298
 76            2.64053308         -1.13930296         -0.02085049          0.02893959
 77            2.67568171         -1.13539544         -0.01985782          0.02821449
 78            2.71083034         -1.13135459         -0.01888527          0.02753465
 79            2.74597897         -1.12718458         -0.01793411          0.02689723
 80            2.78112760         -1.12288969         -0.01700549          0.02629965
 81            2.81627623         -1.11847427         -0.01610045          0.02573949
 82            2.85142485         -1.11394271         -0.01521988          0.02521451
 83            2.88657348         -1.10929945         -0.01436459          0.02472263
 84            2.92172211         -1.10454891         -0.01353527          0.02426189
 85            2.95687074         -1.09969552         -0.01273249          0.02383049
 86            2.99201937         -1.09474369         -0.01195671          0.02342668
 87            3.02716800         -1.08969778         -0.01120830          0.02304886
 88            3.06231663         -1.08456213         -0.01048753          0.02269548
 89            3.09746526         -1.07934101         -0.00979455          0.02236506
 90            3.13261389         -1.07403862         -0.00912943          0.02205620
 91            3.16776252         -1.06865911         -0.00849215          0.02176754
 92            3.20291115         -1.06320653         -0.00788258          0.02149778
 93            3.23805978         -1.05768487         -0.00730052          0.02124563
 94            3.27320841         -1.05209801         -0.00674567          0.02100987
 95            3.30835703         -1.04644978         -0.00621767          0.02078929
 96            3.34350566         -1.04074388         -0.00571607          0.02058272
 97            3.37865429         -1.03498392         -0.00524034          0.02038902
 98            3.41380292         -1.02917344         -0.00478991          0.02020706
 99            3.44895155         -1.02331586         -0.00436412          0.02003576
100            3.48410018         -1.01741451         -0.00396228          0.01987405
101            3.51924881         -1.01147261         -0.00358363          0.01972092
102            3.55439744         -1.00549330         -0.00322739          0.01957535
103            3.58954607         -0.99947961         -0.00289274          0.01943640
104            3.62469470         -0.99343449         -0.00257882          0.01930314
105            3.65984333         -0.98736077         -0.00228477          0.01917471
106            3.69499196         -0.98126119         -0.00200970          0.01905027
107            3.73014059         -0.97513841         -0.00175273          0.01892905
108            3.76528921         -0.96899500         -0.00151298          0.01881034
109            3.80043784         -0.96283342         -0.00128956          0.01869345
110            3.83558647         -0.95665604         -0.00108160          0.01857778
111            3.87073510         -0.95046517         -0.00088826          0.01846278
112            3.90588373         -0.94426302         -0.00070871          0.01834796
113            3.94103236         -0.93805170         -0.00054213          0.01823287
114            3.97618099         -0.93183327         -0.00038775          0.01811714
115            4.01132962         -0.92560968         -0.00024482          0.01800044
116            4.04647825         -0.91938284         -0.00011263          0.01788250
117            4.08162688         -0.91315454          0.00000953          0.01776312
118            4.11677551         -0.90692653          0.00012229          0.01764210
119            4.15192414         -0.90070049          0.00022628          0.01751934
120            4.18707276         -0.89447800          0.00032210          0.01739474
121            4.22222139         -0.88826062          0.00041028          0.01726825
122            4.25737002         -0.88204980          0.00049136          0.01713987
123            4.29251865         -0.87584696          0.00056583          0.01700961
124            4.32766728         -0.86965345          0.00063415          0.01687752
125            4.36281591         -0.86347055          0.00069676          0.01674366
126            4.39796454         -0.85729951          0.00075405          0.01660812
127            4.43311317         -0.85114149          0.00080640          0.01647100
128            4.46826180         -0.84499763          0.00085418          0.01633241
129            4.50341043         -0.83886900          0.00089770          0.01619249
130            4.53855906         -0.83275663          0.00093728          0.01605136
131            4.57370769         -0.82666151          0.00097320          0.01590917
132            4.60885632         -0.82058456          0.00100573          0.01576605
133            4.64400494         -0.81452668          0.00103512          0.01562215
134            4.67915357         -0.80848872          0.00106159          0.01547762
135            4.71430220         -0.80247149          0.00108535          0.01533259
136            4.74945083         -0.79647576          0.00110662          0.01518720
137            4.78459946         -0.79050225          0.00112556          0.01504159
138            4.81974809         -0.78455168          0.00114236          0.01489589
139            4.85489672         -0.77862469          0.00115717          0.01475023
140            4.89004535         -0.77272192          0.00117014          0.01460472
141            4.92519398         -0.76684397          0.00118140          0.01445948
142            4.96034261         -0.76099140          0.00119108          0.01431461
143            4.99549124         -0.75516475          0.00119930          0.01417023
144            5.03063987         -0.74936452          0.00120617          0.01402642
145            5.06578850         -0.74359120          0.00121179          0.01388328
146            5.10093712         -0.73784523          0.00121626          0.01374089
147            5.13608575         -0.73212706          0.00121965          0.01359931
148            5.17123438         -0.72643709          0.00122206          0.01345864
149            5.20638301         -0.72077569          0.00122355          0.01331892
150            5.24153164         -0.71514322          0.00122421          0.01318022
151            5.27668027         -0.70954003          0.00122408          0.01304260
152            5.31182890         -0.70396644          0.00122324          0.01290609
153            5.34697753         -0.69842273          0.00122174          0.01277076
154            5.38212616         -0.69290919          0.00121963          0.01263663
155            5.41727479         -0.68742609          0.00121695          0.01250374
156            5.45242342         -0.68197365          0.00121376          0.01237212
157            5.48757205         -0.67655212          0.00121010          0.01224180
158            5.52272068         -0.67116170          0.00120600          0.01211281
159            5.55786930         -0.66580258          0.00120150          0.01198516
160            5.59301793         -0.66047495          0.00119664          0.01185887
161            5.62816656         -0.65517898          0.00119144          0.01173395
162            5.66331519         -0.64991480          0.00118593          0.01161041
163            5.69846382         -0.64468258          0.00118014          0.01148828
164            5.73361245         -0.63948242          0.00117411          0.01136754
165            5.76876108         -0.63431445          0.00116783          0.01124820
166            5.80390971         -0.62917876          0.00116136          0.01113028
167            5.83905834         -0.62407546          0.00115469          0.01101376
168            5.87420697         -0.61900462          0.00114785          0.01089865
169            5.90935560         -0.61396632          0.00114086          0.01078494
170            5.94450423         -0.60896060          0.00113373          0.01067263
171            5.97965285         -0.60398754          0.00112648          0.01056172
172            6.01480148         -0.59904716          0.00111912          0.01045219
173            6.04995011         -0.59413950          0.00111167          0.01034404
174            6.08509874         -0.58926459          0.00110413          0.01023726
175            6.12024737         -0.58442245          0.00109653          0.01013185
176            6.15539600         -0.57961308          0.00108886          0.01002778
177            6.19054463         -0.57483649          0.00108114          0.00992506
178            6.22569326         -0.57009266          0.00107338          0.00982366
179            6.26084189         -0.56538160          0.00106559          0.00972358
180            6.29599052         -0.56070328          0.00105777          0.00962480
181            6.33113915         -0.55605767          0.00104993          0.00952731
182            6.36628778         -0.55144474          0.00104208          0.00943110
183            6.40143641         -0.54686446          0.00103423          0.00933615
184            6.43658503         -0.54231679          0.00102637          0.00924245
185            6.47173366         -0.53780167          0.00101852          0.00914998
186            6.50688229         -0.53331905          0.00101068          0.00905873
187            6.54203092         -0.52886888          0.00100286          0.00896869
188            6.57717955         -0.52445109          0.00099505          0.00887983
189            6.61232818         -0.52006561          0.00098727          0.00879215
190            6.64747681         -0.51571236          0.00097951          0.00870563
191            6.68262544         -0.51139128          0.00097178          0.00862025
192            6.71777407         -0.50710229          0.00096409          0.00853600
193            6.75292270         -0.50284528          0.00095643          0.00845287
194            6.78807133         -0.49862019          0.00094881          0.00837083
195            6.82321996         -0.49442691          0.00094123          0.00828988
196            6.85836859         -0.49026535          0.00093369          0.00821000
197            6.89351721         -0.48613541          0.00092620          0.00813116
198            6.92866584         -0.48203699          0.00091875          0.00805337
199            6.96381447         -0.47796997          0.00091135          0.00797660
200            6.99896310         -0.47393426          0.00090400          0.00790084
201            7.03411173         -0.46992973          0.00089670          0.00782607
202            7.06926036         -0.46595629          0.00088946          0.00775229
203            7.10440899         -0.46201379          0.00088227          0.00767947
204            7.13955762         -0.45810214          0.00087513          0.00760760
205            7.17470625         -0.45422120          0.00086804          0.00753666
206            7.20985488         -0.45037085          0.00086101          0.00746665
207            7.24500351         -0.44655096          0.00085404          0.00739755
208            7.28015214         -0.44276140          0.00084713          0.00732935
209            7.31530077         -0.43900205          0.00084027          0.00726202
210            7.35044939         -0.43527276          0.00083347          0.00719557
211            7.38559802         -0.43157340          0.00082673          0.00712997
212            7.42074665         -0.42790384          0.00082005          0.00706522
213            7.45589528         -0.42426394          0.00081342          0.00700130
214            7.49104391         -0.42065355          0.00080686          0.00693819
215            7.52619254         -0.41707254          0.00080035          0.00687589
216            7.56134117         -0.41352075          0.00079390          0.00681438
217            7.59648980         -0.40999804          0.00078751          0.00675365
218            7.63163843         -0.40650428          0.00078118          0.00669369
219            7.66678706         -0.40303930          0.00077491          0.00663449
220            7.70193569         -0.39960296          0.00076870          0.00657604
221            7.73708432         -0.39619510          0.00076254          0.00651832
222            7.77223295         -0.39281559          0.00075645          0.00646132
223            7.80738157         -0.38946425          0.00075041          0.00640503
224            7.84253020         -0.38614095          0.00074443          0.00634945
225            7.87767883         -0.38284552          0.00073851          0.00629456
226            7.91282746         -0.37957781          0.00073264          0.00624034
227            7.94797609         -0.37633766          0.00072684          0.00618680
228            7.98312472         -0.37312492          0.00072109          0.00613392
229            8.01827335         -0.36993942          0.00071539          0.00608168
230            8.05342198         -0.36678100          0.00070975          0.00603009
231            8.08857061         -0.36364952          0.00070417          0.00597912
232            8.12371924         -0.36054480          0.00069864          0.00592878
233            8.15886787         -0.35746668          0.00069317          0.00587905
234            8.19401650         -0.35441501          0.00068775          0.00582992
235            8.22916512         -0.35138962          0.00068239          0.00578138
236            8.26431375         -0.34839035          0.00067708          0.00573342
237            8.29946238         -0.34541704          0.00067182          0.00568604
238            8.33461101         -0.34246952          0.00066662          0.00563923
239            8.36975964         -0.33954763          0.00066146          0.00559297
240            8.40490827         -0.33665120          0.00065636          0.00554727
241            8.44005690         -0.33378008          0.00065131          0.00550210
242            8.47520553         -0.33093409          0.00064631          0.00545747
243            8.51035416         -0.32811308          0.00064137          0.00541337
244            8.54550279         -0.32531687          0.00063647          0.00536978
245            8.58065142         -0.32254530          0.00063162          0.00532670
246            8.61580005         -0.31979822          0.00062682          0.00528412
247            8.65094868         -0.31707544          0.00062207          0.00524204
248            8.68609730         -0.31437681          0.00061736          0.00520045
249            8.72124593         -0.31170217          0.00061271          0.00515934
250            8.75639456         -0.30905134          0.00060810          0.00511870
251            8.79154319         -0.30642416          0.00060353          0.00507852
252            8.82669182         -0.30382047          0.00059902          0.00503881
253            8.86184045         -0.30124011          0.00059455          0.00499955
254            8.89698908         -0.29868290          0.00059012          0.00496073
255            8.93213771         -0.29614868          0.00058574          0.00492236
256            8.96728634         -0.29363730          0.00058140          0.00488441
257            9.00243497         -0.29114857          0.00057711          0.00484690
258            9.03758360         -0.28868235          0.00057286          0.00480981
259            9.07273223         -0.28623846          0.00056865          0.00477313
260            9.10788086         -0.28381675          0.00056448          0.00473686
261            9.14302948         -0.28141705          0.00056036          0.00470099
262            9.17817811         -0.27903919          0.00055628          0.00466552
263            9.21332674         -0.27668303          0.00055224          0.00463045
264            9.24847537         -0.27434838          0.00054823          0.00459576
265            9.28362400         -0.27203509          0.00054427          0.00456145
266            9.31877263         -0.26974301          0.00054035          0.00452751
267            9.35392126         -0.26747196          0.00053647          0.00449395
268            9.38906989         -0.26522180          0.00053262          0.00446075
269            9.42421852         -0.26299235          0.00052882          0.00442791
270            9.45936715         -0.26078346          0.00052505          0.00439542
271            9.49451578         -0.25859497          0.00052132          0.00436329
272            9.52966441         -0.25642672          0.00051762          0.00433150
273            9.56481304         -0.25427856          0.00051397          0.00430004
274            9.59996166         -0.25215032          0.00051034          0.00426893
275            9.63511029         -0.25004185          0.00050676          0.00423815
276            9.67025892         -0.24795299          0.00050321          0.00420769
277            9.70540755         -0.24588359          0.00049969          0.00417755
278            9.74055618         -0.24383350          0.00049621          0.00414773
279            9.77570481         -0.24180255          0.00049276          0.00411823
280            9.81085344         -0.23979059          0.00048935          0.00408903
281            9.84600207         -0.23779747          0.00048597          0.00406014
282            9.88115070         -0.23582304          0.00048262          0.00403154
283            9.91629933         -0.23386715          0.00047930          0.00400325
284            9.95144796         -0.23192963          0.00047602          0.00397525
285            9.98659659         -0.23001035          0.00047277          0.00394753
286           10.02174521         -0.22810916          0.00046955          0.00392010
287           10.05689384         -0.22622589          0.00046636          0.00389295
288           10.09204247         -0.22436041          0.00046320          0.00386608
289           10.12719110         -0.22251257          0.00046007          0.00383948
290           10.16233973         -0.22068222          0.00045697          0.00381315
291           10.19748836         -0.21886921          0.00045390          0.00378709
292           10.23263699         -0.21707339          0.00045086          0.00376129
293           10.26778562         -0.21529463          0.00044785          0.00373575
294           10.30293425         -0.21353277          0.00044487          0.00371046
295           10.33808288         -0.21178768          0.00044192          0.00368543
296           10.37323151         -0.21005921          0.00043899          0.00366065
297           10.40838014         -0.20834722          0.00043609          0.00363611
298           10.44352877         -0.20665156          0.00043322          0.00361181
299           10.47867739         -0.20497211          0.00043038          0.00358776
300           10.51382602         -0.20330871          0.00042756          0.00356394
301           10.54897465         -0.20166123          0.00042477          0.00354036
302           10.58412328         -0.20002952          0.00042200          0.00351700
303           10.61927191         -0.19841346          0.00041926          0.00349388
304           10.65442054         -0.19681291          0.00041655          0.00347097
305           10.68956917         -0.19522773          0.00041386          0.00344829
306           10.72471780         -0.19365778          0.00041120          0.00342583
307           10.75986643         -0.19210294          0.00040856          0.00340359
308           10.79501506         -0.19056306          0.00040594          0.00338156
309           10.83016369         -0.18903802          0.00040335          0.00335974
310           10.86531232         -0.18752768          0.00040078          0.00333812
311           10.90046095         -0.18603192          0.00039824          0.00331672
312           10.93560957         -0.18455060          0.00039572          0.00329551
313           10.97075820         -0.18308359          0.00039322          0.00327451
314           11.00590683         -0.18163076          0.00039074          0.00325371
315           11.04105546         -0.18019200          0.00038829          0.00323310
316           11.07620409         -0.17876717          0.00038586          0.00321268
317           11.11135272         -0.17735614          0.00038345          0.00319245
318           11.14650135         -0.17595879          0.00038106          0.00317242
319           11.18164998         -0.17457500          0.00037870          0.00315257
320           11.21679861         -0.17320464          0.00037635          0.00313290
321           11.25194724         -0.17184759          0.00037403          0.00311341
322           11.28709587         -0.17050373          0.00037172          0.00309411
323           11.32224450         -0.16917294          0.00036944          0.00307498
324           11.35739313         -0.16785510          0.00036718          0.00305603
325           11.39254175         -0.16655008          0.00036494          0.00303725
326           11.42769038         -0.16525778          0.00036271          0.00301864
327           11.46283901         -0.16397807          0.00036051          0.00300020
328           11.49798764         -0.16271083          0.00035833          0.00298192
329           11.53313627         -0.16145596          0.00035616          0.00296381
330           11.56828490         -0.16021333          0.00035402          0.00294587
331           11.60343353         -0.15898283          0.00035189          0.00292808
332           11.63858216         -0.15776435          0.00034978          0.00291046
333           11.67373079         -0.15655778          0.00034769          0.00289299
334           11.70887942         -0.15536300          0.00034562          0.00287568
335           11.74402805         -0.15417991          0.00034356          0.00285852
336           11.77917668         -0.15300839          0.00034153          0.00284151
337           11.81432531         -0.15184833          0.00033951          0.00282465
338           11.84947393         -0.15069963          0.00033750          0.00280794
339           11.88462256         -0.14956218          0.00033552          0.00279138
340           11.91977119         -0.14843587          0.00033355          0.00277496
341           11.95491982         -0.14732060          0.00033160          0.00275869
342           11.99006845         -0.14621626          0.00032967          0.00274256
343           12.02521708         -0.14512275          0.00032775          0.00272656
344           12.06036571         -0.14403996          0.00032585          0.00271071
345           12.09551434         -0.14296779          0.00032396          0.00269499
346           12.13066297         -0.14190614          0.00032209          0.00267941
347           12.16581160         -0.14085491          0.00032023          0.00266396
348           12.20096023         -0.13981400          0.00031840          0.00264864
349           12.23610886         -0.13878331          0.00031657          0.00263346
350           12.27125748         -0.13776274          0.00031476          0.00261840
351           12.30640611         -0.13675220          0.00031297          0.00260347
352           12.34155474         -0.13575158          0.00031119          0.00258867
353           12.37670337         -0.13476079          0.00030943          0.00257399
354           12.41185200         -0.13377974          0.00030768          0.00255944
355           12.44700063         -0.13280832          0.00030594          0.00254500
356           12.48214926         -0.13184646          0.00030422          0.00253069
357           12.51729789         -0.13089404          0.00030252          0.00251650
358           12.55244652         -0.12995099          0.00030082          0.00250243
359           12.58759515         -0.12901721          0.00029914          0.00248847
360           12.62274378         -0.12809261          0.00029748          0.00247463
361           12.65789241         -0.12717710          0.00029583          0.00246090
362           12.69304104         -0.12627059          0.00029419          0.00244729
363           12.72818966         -0.12537299          0.00029256          0.00243379
364           12.76333829         -0.12448421          0.00029095          0.00242039
365           12.79848692         -0.12360417          0.00028935          0.00240711
366           12.83363555         -0.12273278          0.00028776          0.00239394
367           12.86878418         -0.12186996          0.00028619          0.00238087
368           12.90393281         -0.12101562          0.00028463          0.00236791
369           12.93908144         -0.12016968          0.00028308          0.00235505
370           12.97423007         -0.11933205          0.00028154          0.00234230
371           13.00937870         -0.11850266          0.00028002          0.00232965
372           13.04452733         -0.11768141          0.00027851          0.00231710
373           13.07967596         -0.11686823          0.00027701          0.00230466
374           13.11482459         -0.11606304          0.00027552          0.00229231
375           13.14997322         -0.11526576          0.00027404          0.00228006
376           13.18512184         -0.11447631          0.00027258          0.00226790
377           13.22027047         -0.11369461          0.00027112          0.00225585
378           13.25541910         -0.11292058          0.00026968          0.00224389
379           13.29056773         -0.11215415          0.00026825          0.00223202
380           13.32571636         -0.11139524          0.00026683          0.00222024
381           13.36086499         -0.11064378          0.00026542          0.00220856
382           13.39601362         -0.10989969          0.00026402          0.00219697
383           13.43116225         -0.10916289          0.00026263          0.00218547
384           13.46631088         -0.10843332          0.00026125          0.00217406
385           13.50145951         -0.10771090          0.00025989          0.00216274
386           13.53660814         -0.10699556          0.00025853          0.00215150
387           13.57175677         -0.10628722          0.00025719          0.00214036
388           13.60690540         -0.10558582          0.00025585          0.00212929
389           13.64205402         -0.10489128          0.00025453          0.00211832
390           13.67720265         -0.10420354          0.00025321          0.00210743
391           13.71235128         -0.10352253          0.00025190          0.00209662
392           13.74749991         -0.10284818          0.00025061          0.00208589
393           13.78264854         -0.10218042          0.00024932          0.00207524
394           13.81779717         -0.10151918          0.00024805          0.00206468
395           13.85294580         -0.10086440          0.00024678          0.00205419
396           13.88809443         -0.10021601          0.00024552          0.00204379
397           13.92324306         -0.09957395          0.00024427          0.00203346
398           13.95839169         -0.09893816          0.00024304          0.00202321
399           13.99354032         -0.09830856          0.00024181          0.00201304
400           14.02868895         -0.09768509          0.00024059          0.00200294
401           14.06383757         -0.09706770          0.00023937          0.00199292
402           14.09898620         -0.09645632          0.00023817          0.00198297
403           14.13413483         -0.09585089          0.00023698          0.00197310
404           14.16928346         -0.09525135          0.00023579          0.00196330
405           14.20443209         -0.09465763          0.00023462          0.00195357
406           14.23958072         -0.09406968          0.00023345          0.00194391
407           14.27472935         -0.09348744          0.00023229          0.00193433
408           14.30987798         -0.09291085          0.00023114          0.00192481
409           14.34502661         -0.09233985          0.00023000          0.00191537
410           14.38017524         -0.09177438          0.00022886          0.00190599
411           14.41532387         -0.09121439          0.00022774          0.00189669
412           14.45047250         -0.09065982          0.00022662          0.00188744
413           14.48562113         -0.09011061          0.00022551          0.00187827
414           14.52076975         -0.08956671          0.00022441          0.00186916
415           14.55591838         -0.08902807          0.00022331          0.00186012
416           14.59106701         -0.08849463          0.00022223          0.00185115
417           14.62621564         -0.08796633          0.00022115          0.00184223
418           14.66136427         -0.08744312          0.00022008          0.00183339
419           14.69651290         -0.08692496          0.00021902          0.00182460
420           14.73166153         -0.08641178          0.00021796          0.00181588
421           14.76681016         -0.08590354          0.00021691          0.00180722
422           14.80195879         -0.08540018          0.00021587          0.00179862
423           14.83710742         -0.08490165          0.00021484          0.00179008
424           14.87225605         -0.08440791          0.00021381          0.00178160
425           14.90740468         -0.08391890          0.00021279          0.00177318
426           14.94255331         -0.08343457          0.00021178          0.00176483
427           14.97770193         -0.08295488          0.00021078          0.00175653
428           15.01285056         -0.08247978          0.00020978          0.00174828
429           15.04799919         -0.08200922          0.00020879          0.00174010
430           15.08314782         -0.08154314          0.00020780          0.00173197
431           15.11829645         -0.08108152          0.00020682          0.00172390
432           15.15344508         -0.08062429          0.00020585          0.00171588
433           15.18859371         -0.08017141          0.00020489          0.00170792
434           15.22374234         -0.07972284          0.00020393          0.00170002
435           15.25889097         -0.07927853          0.00020298          0.00169217
436           15.29403960         -0.07883844          0.00020204          0.00168437
437           15.32918823         -0.07840252          0.00020110          0.00167663
438           15.36433686         -0.07797074          0.00020017          0.00166894
439           15.39948549         -0.07754303          0.00019924          0.00166130
440           15.43463411         -0.07711937          0.00019832          0.00165372
441           15.46978274         -0.07669971          0.00019741          0.00164618
442           15.50493137         -0.07628401          0.00019651          0.00163870
443           15.54008000         -0.07587222          0.00019561          0.00163127
444           15.57522863         -0.07546431          0.00019471          0.00162388
445           15.61037726         -0.07506024          0.00019382          0.00161655
446           15.64552589         -0.07465996          0.00019294          0.00160927
447           15.68067452         -0.07426343          0.00019206          0.00160203
448           15.71582315         -0.07387062          0.00019119          0.00159485
449           15.75097178         -0.07348148          0.00019033          0.00158771
450           15.78612041         -0.07309599          0.00018947          0.00158062
451           15.82126904         -0.07271409          0.00018862          0.00157358
452           15.85641767         -0.07233575          0.00018777          0.00156658
453           15.89156629         -0.07196093          0.00018693          0.00155963
454           15.92671492         -0.07158960          0.00018609          0.00155272
455           15.96186355         -0.07122171          0.00018526          0.00154587
456           15.99701218         -0.07085724          0.00018443          0.00153905
457           16.03216081         -0.07049615          0.00018361          0.00153228
458           16.06730944         -0.07013840          0.00018280          0.00152556
459           16.10245807         -0.06978395          0.00018199          0.00151888
460           16.13760670         -0.06943277          0.00018118          0.00151224
461           16.17275533         -0.06908483          0.00018038          0.00150565
462           16.20790396         -0.06874008          0.00017959          0.00149909
463           16.24305259         -0.06839851          0.00017880          0.00149259
464           16.27820122         -0.06806007          0.00017802          0.00148612
465           16.31334984         -0.06772473          0.00017724          0.00147969
466           16.34849847         -0.06739245          0.00017646          0.00147331
467           16.38364710         -0.06706321          0.00017570          0.00146697
468           16.41879573         -0.06673698          0.00017493          0.00146067
469           16.45394436         -0.06641371          0.00017417          0.00145440
470           16.48909299         -0.06609338          0.00017342          0.00144818
471           16.52424162         -0.06577596          0.00017267          0.00144200
472           16.55939025         -0.06546142          0.00017192          0.00143586
473           16.59453888         -0.06514972          0.00017118          0.00142975
474           16.62968751         -0.06484084          0.00017045          0.00142369
475           16.66483614         -0.06453475          0.00016972          0.00141766
476           16.69998477         -0.06423141          0.00016899          0.00141167
477           16.73513340         -0.06393080          0.00016827          0.00140572
478           16.77028202         -0.06363288          0.00016755          0.00139981
479           16.80543065         -0.06333764          0.00016684          0.00139393
480           16.84057928         -0.06304503          0.00016613          0.00138809
481           16.87572791         -0.06275504          0.00016543          0.00138229
482           16.91087654         -0.06246763          0.00016473          0.00137652
483           16.94602517         -0.06218278          0.00016404          0.00137079
484           16.98117380         -0.06190046          0.00016335          0.00136509
485           17.01632243         -0.06162064          0.00016266          0.00135943
486           17.05147106         -0.06134329          0.00016198          0.00135380
487           17.08661969         -0.06106840          0.00016130          0.00134821
488           17.12176832         -0.06079592          0.00016063          0.00134266
489           17.15691695         -0.06052585          0.00015996          0.00133713
490           17.19206558         -0.06025815          0.00015929          0.00133165
491           17.22721420         -0.05999279          0.00015863          0.00132619
492           17.26236283         -0.05972975          0.00015797          0.00132077
493           17.29751146         -0.05946901          0.00015732          0.00131538
494           17.33266009         -0.05921054          0.00015667          0.00131002
495           17.36780872         -0.05895432          0.00015603          0.00130470
496           17.40295735         -0.05870032          0.00015538          0.00129941
497           17.43810598         -0.05844852          0.00015475          0.00129415
498           17.47325461         -0.05819889          0.00015411          0.00128892
499           17.50840324         -0.05795142          0.00015348          0.00128373
500           17.54355187         -0.05770608          0.00015286          0.00127856
