1.000000000000000000e+00 1.000000000000000000e+00 3.997710191837799965e+00 3.599771019136100136e+01 -3.479644509893552367e+03
2.000000000000000000e+00 3.672240802675600158e+00 3.969194557354200015e+00 3.596919455726649772e+01 -9.446427217287541680e+02
3.000000000000000000e+00 6.344481605351200315e+00 3.908515759152800140e+00 3.590851575934200213e+01 -5.450826085704650268e+02
4.000000000000000000e+00 9.016722408026799584e+00 3.816652505058999889e+00 3.581665250535869660e+01 -3.823537494281052886e+02
5.000000000000000000e+00 1.168896321070229938e+01 3.695065980792799909e+00 3.569506597995749786e+01 -2.940285288864582753e+02
6.000000000000000000e+00 1.436120401337790042e+01 3.545652230753200129e+00 3.554565222531680035e+01 -2.385732902790340120e+02
7.000000000000000000e+00 1.703344481605349969e+01 3.370682203394999910e+00 3.537068217754649879e+01 -2.005179085918263979e+02
8.000000000000000000e+00 1.970568561872909896e+01 3.172732711946599782e+00 3.517273261055459699e+01 -1.727837251286782134e+02
9.000000000000000000e+00 2.237792642140469823e+01 2.954611884426499913e+00 3.495461154610929810e+01 -1.516732489102035970e+02
1.000000000000000000e+01 2.505016722408030105e+01 2.719282663947499845e+00 3.471928170384870072e+01 -1.350667167500897108e+02
1.100000000000000000e+01 2.772240802675590032e+01 2.469787709463799885e+00 3.446978528933289709e+01 -1.216616851801390027e+02
1.200000000000000000e+01 3.039464882943140012e+01 2.209178579258999964e+00 3.420917306102749933e+01 -1.106137443285841044e+02
1.300000000000000000e+01 3.306688963210699939e+01 1.940451550167900052e+00 3.394043999064039951e+01 -1.013514421420220941e+02
1.400000000000000000e+01 3.573913043478260221e+01 1.666491738704299896e+00 3.366646920478540039e+01 -9.347423811137670668e+01
1.500000000000000000e+01 3.841137123745819792e+01 1.390026576249600021e+00 3.338998528348790273e+01 -8.669305254315820264e+01
1.600000000000000000e+01 4.108361204013380075e+01 1.113589051279400000e+00 3.311351736046439953e+01 -8.079401729552030531e+01
1.700000000000000000e+01 4.375585284280939646e+01 8.394906434151000463e-01 3.283937192557859674e+01 -7.561550932188120555e+01
1.800000000000000000e+01 4.642809364548499929e+01 5.698034115947000489e-01 3.256961485993849692e+01 -7.103311543424379693e+01
1.900000000000000000e+01 4.910033444816060211e+01 3.063504242130000166e-01 3.230606185167579980e+01 -6.694950674056069317e+01
2.000000000000000000e+01 5.177257525083609835e+01 5.070349096670000166e-02 3.205027618150410262e+01 -6.328744886680699722e+01
2.100000000000000000e+01 5.444481605351170117e+01 -1.958129345234000118e-01 3.180357271336220037e+01 -5.998487059759020212e+01
2.200000000000000000e+01 5.711705685618729689e+01 -4.321128474149000254e-01 3.156702692698209844e+01 -5.699131680865269800e+01
2.300000000000000000e+01 5.978929765886289971e+01 -6.573358967431000011e-01 3.134148783229510116e+01 -5.426535260156470031e+01
2.400000000000000000e+01 6.246153846153850253e+01 -8.708317515853000179e-01 3.112759370290299898e+01 -5.177263377908389685e+01
2.500000000000000000e+01 6.513377926421409825e+01 -1.072142561112199965e+00 3.092578971301979962e+01 -4.948445229566989667e+01
2.600000000000000000e+01 6.780602006688970107e+01 -1.260984302352599951e+00 3.073634658133619979e+01 -4.737662565148330174e+01
2.700000000000000000e+01 7.047826086956530389e+01 -1.437227705484199980e+00 3.055937963463980012e+01 -4.542863894358519872e+01
2.800000000000000000e+01 7.315050167224079303e+01 -1.600879299652099963e+00 3.039486765543550106e+01 -4.362297496608319847e+01
2.900000000000000000e+01 7.582274247491639585e+01 -1.752063005900099890e+00 3.024267115384520110e+01 -4.194458596701390007e+01
3.000000000000000000e+01 7.849498327759199867e+01 -1.891002605606999953e+00 3.010254969883390075e+01 -4.038047330456630135e+01
3.100000000000000000e+01 8.116722408026760149e+01 -2.018005313722599947e+00 2.997417814362220057e+01 -3.891935013631260176e+01
3.200000000000000000e+01 8.383946488294320432e+01 -2.133446608449200088e+00 2.985716156143740108e+01 -3.755136861569219775e+01
3.300000000000000000e+01 8.651170568561879293e+01 -2.237756405094100121e+00 2.975104886792950154e+01 -3.626789764789779724e+01
3.400000000000000000e+01 8.918394648829439575e+01 -2.331406604372900038e+00 2.965534507778049900e+01 -3.506134060069639702e+01
3.500000000000000000e+01 9.185618729096999857e+01 -2.414900008605000092e+00 2.956952223657690126e+01 -3.392498483372190066e+01
3.600000000000000000e+01 9.452842809364560139e+01 -2.488760569079799811e+00 2.949302908128399991e+01 -3.285287674986449957e+01
3.700000000000000000e+01 9.720066889632110474e+01 -2.553524892821100067e+00 2.942529949430900160e+01 -3.183971745718509894e+01
3.800000000000000000e+01 9.987290969899669335e+01 -2.609734944577700055e+00 2.936575983207379892e+01 -3.088077518110549846e+01
3.900000000000000000e+01 1.025451505016722962e+02 -2.657931836096699918e+00 2.931383521934429837e+01 -2.997181137138939988e+01
4.000000000000000000e+01 1.052173913043478990e+02 -2.698650626077899961e+00 2.926895491757759871e+01 -2.910901806923619972e+01
4.100000000000000000e+01 1.078896321070235018e+02 -2.732416021382900073e+00 2.923055683137789984e+01 -2.828896458223039900e+01
4.200000000000000000e+01 1.105618729096991046e+02 -2.759738891689199836e+00 2.919809126095499963e+01 -2.750855189237620024e+01
4.300000000000000000e+01 1.132341137123746933e+02 -2.781113503674600196e+00 2.917102398244039918e+01 -2.676497351974990124e+01
4.400000000000000000e+01 1.159063545150502961e+02 -2.797015384816300188e+00 2.914883872374959850e+01 -2.605568179992409839e+01
4.500000000000000000e+01 1.185785953177258989e+02 -2.807899741643899993e+00 2.913103912027060005e+01 -2.537835872114429847e+01
4.600000000000000000e+01 1.212508361204014022e+02 -2.814200346684000209e+00 2.911715020507089946e+01 -2.473089061781239906e+01
4.700000000000000000e+01 1.239230769230770051e+02 -2.816328839010199925e+00 2.910671949742389941e+01 -2.411134613818510175e+01
4.800000000000000000e+01 1.265953177257525937e+02 -2.814674362758700088e+00 2.909931775046669955e+01 -2.351795700248790055e+01
4.900000000000000000e+01 1.292675585284281965e+02 -2.809603495983400201e+00 2.909453939153150159e+01 -2.294910114765909981e+01
5.000000000000000000e+01 1.319397993311038135e+02 -2.801460422798800032e+00 2.909200270842379865e+01 -2.240328792035920102e+01
5.100000000000000000e+01 1.346120401337794021e+02 -2.790567292546399791e+00 2.909134981385579977e+01 -2.187914503361999863e+01
5.200000000000000000e+01 1.372842809364549908e+02 -2.777224743581499844e+00 2.909224642590010035e+01 -2.137540704682740156e+01
5.300000000000000000e+01 1.399565217391306078e+02 -2.761712547397599860e+00 2.909438149685500008e+01 -2.089090516544009901e+01
5.400000000000000000e+01 1.426287625418061111e+02 -2.744290348264299961e+00 2.909746669549329923e+01 -2.042455818736040030e+01
5.500000000000000000e+01 1.453010033444816997e+02 -2.725198475959000000e+00 2.910123580650759934e+01 -1.997536444834090119e+01
5.600000000000000000e+01 1.479732441471572884e+02 -2.704658804568900177e+00 2.910544402412800125e+01 -1.954239464013589966e+01
5.700000000000000000e+01 1.506454849498329054e+02 -2.682875648817200087e+00 2.910986718285920105e+01 -1.912478539302820124e+01
5.800000000000000000e+01 1.533177257525084940e+02 -2.660036670999299968e+00 2.911430094406290081e+01 -1.872173352947449843e+01
5.900000000000000000e+01 1.559899665551841110e+02 -2.636313799268000135e+00 2.911855992350900024e+01 -1.833249090838900131e+01
6.000000000000000000e+01 1.586622073578596996e+02 -2.611864138417899994e+00 2.912247681288469892e+01 -1.795635979043359853e+01
6.100000000000000000e+01 1.613344481605352883e+02 -2.586830866022200137e+00 2.912590146789110079e+01 -1.759268866390619834e+01
6.200000000000000000e+01 1.640066889632107916e+02 -2.561344113254199861e+00 2.912869999532980003e+01 -1.724086847869349981e+01
6.300000000000000000e+01 1.666789297658864086e+02 -2.535521814742399904e+00 2.913075384342370100e+01 -1.690032924249399926e+01
6.400000000000000000e+01 1.693511705685619972e+02 -2.509470536245499872e+00 2.913195889078030021e+01 -1.657053693929560012e+01
6.500000000000000000e+01 1.720234113712375859e+02 -2.483286264182200220e+00 2.913222454385400084e+01 -1.625099073506699909e+01
6.600000000000000000e+01 1.746956521739132029e+02 -2.457055165319999901e+00 2.913147286715620154e+01 -1.594122043990829951e+01
6.700000000000000000e+01 1.773678929765887915e+02 -2.430854311732499884e+00 2.912963772074159863e+01 -1.564078419961479938e+01
6.800000000000000000e+01 1.800401337792644085e+02 -2.404752365891499988e+00 2.912666392441769858e+01 -1.534926639281789917e+01
6.900000000000000000e+01 1.827123745819399971e+02 -2.378810233798999807e+00 2.912250645184370157e+01 -1.506627571265710053e+01
7.000000000000000000e+01 1.853846153846156142e+02 -2.353081678164099966e+00 2.911712965420739962e+01 -1.479144341436349919e+01
7.100000000000000000e+01 1.880568561872910891e+02 -2.327613898828199801e+00 2.911050650699829845e+01 -1.452442171225120049e+01
7.200000000000000000e+01 1.907290969899667061e+02 -2.302448076254600018e+00 2.910261789620030015e+01 -1.426488231146399954e+01
7.300000000000000000e+01 1.934013377926422947e+02 -2.277619882232699844e+00 2.909345194070079899e+01 -1.401251506144479997e+01
7.400000000000000000e+01 1.960735785953179118e+02 -2.253159956976400036e+00 2.908300333769490109e+01 -1.376702671951299983e+01
7.500000000000000000e+01 1.987458193979935004e+02 -2.229094355190900156e+00 2.907127274720210153e+01 -1.352813981418879941e+01
7.600000000000000000e+01 2.014180602006690890e+02 -2.205444959955800144e+00 2.905826621568489898e+01 -1.329559159899990028e+01
7.700000000000000000e+01 2.040903010033447060e+02 -2.182229869227799934e+00 2.904399462002020016e+01 -1.306913308847759936e+01
7.800000000000000000e+01 2.067625418060202946e+02 -2.159463754505499988e+00 2.902847315995969879e+01 -1.284852816890700034e+01
7.900000000000000000e+01 2.094347826086959117e+02 -2.137158192602699902e+00 2.901172087065679861e+01 -1.263355277715420044e+01
8.000000000000000000e+01 2.121070234113713866e+02 -2.115321972387699923e+00 2.899376016876789919e+01 -1.242399414156690085e+01
8.100000000000000000e+01 2.147792642140470036e+02 -2.093961378578700128e+00 2.897461643936700071e+01 -1.221965007954299942e+01
8.200000000000000000e+01 2.174515050167225922e+02 -2.073080453990200134e+00 2.895431763709889950e+01 -1.202032834689119944e+01
8.300000000000000000e+01 2.201237458193982093e+02 -2.052681238676299813e+00 2.893289392935270143e+01 -1.182584603458330008e+01
8.400000000000000000e+01 2.227959866220737979e+02 -2.032763991757299937e+00 2.891037735657199903e+01 -1.163602900891929970e+01
8.500000000000000000e+01 2.254682274247493865e+02 -2.013327394751700083e+00 2.888680152493940057e+01 -1.145071139150289952e+01
8.600000000000000000e+01 2.281404682274250035e+02 -1.994368737028699989e+00 2.886220132375829905e+01 -1.126973507576409972e+01
8.700000000000000000e+01 2.308127090301005921e+02 -1.975884086135500040e+00 2.883661266474399909e+01 -1.109294927706620015e+01
8.800000000000000000e+01 2.334849498327762092e+02 -1.957868441764599954e+00 2.881007224273459855e+01 -1.092021011370779959e+01
8.900000000000000000e+01 2.361571906354517125e+02 -1.940315877456100013e+00 2.878261731981940130e+01 -1.075138021637100039e+01
9.000000000000000000e+01 2.388294314381273011e+02 -1.923219671511700035e+00 2.875428553246729990e+01 -1.058632836378900066e+01
9.100000000000000000e+01 2.415016722408028897e+02 -1.906572418385199974e+00 2.872511470631700092e+01 -1.042492914260230030e+01
9.200000000000000000e+01 2.441739130434785068e+02 -1.890366141139800060e+00 2.869514270864760164e+01 -1.026706262954979998e+01
9.300000000000000000e+01 2.468461538461540954e+02 -1.874592381033000077e+00 2.866440728955409867e+01 -1.011261409430229996e+01
9.400000000000000000e+01 2.495183946488297124e+02 -1.859242287789300008e+00 2.863294597053389978e+01 -9.961473721392000158e+00
9.500000000000000000e+01 2.521906354515053010e+02 -1.844306694341000030e+00 2.860079591574490010e+01 -9.813536349819900195e+00
9.600000000000000000e+01 2.548628762541808896e+02 -1.829776189394100028e+00 2.856799384132710173e+01 -9.668701229045300494e+00
9.700000000000000000e+01 2.575351170568563930e+02 -1.815641177025399955e+00 2.853457592755319894e+01 -9.526871790166200782e+00
9.800000000000000000e+01 2.602073578595320100e+02 -1.801891935333000072e+00 2.850057773743850120e+01 -9.387955431199300094e+00
9.900000000000000000e+01 2.628795986622076271e+02 -1.788518662844299945e+00 2.846603414879709959e+01 -9.251863315456199999e+00
1.000000000000000000e+02 2.655518394648830736e+02 -1.775511526350999958e+00 2.843097930926460037e+01 -9.118510182092800065e+00
1.010000000000000000e+02 2.682240802675586906e+02 -1.762860696019800111e+00 2.839544657490349877e+01 -8.987814167984300440e+00
1.020000000000000000e+02 2.708963210702343076e+02 -1.750556381267200035e+00 2.835946847817260164e+01 -8.859696640141400792e+00
1.030000000000000000e+02 2.735685618729098110e+02 -1.738588863379699978e+00 2.832307669649700088e+01 -8.734082037949699284e+00
1.040000000000000000e+02 2.762408026755854280e+02 -1.726948515029699927e+00 2.828630201919289888e+01 -8.610897724564999578e+00
1.050000000000000000e+02 2.789130434782608745e+02 -1.715625831749600039e+00 2.824917433696219859e+01 -8.490073846851400319e+00
1.060000000000000000e+02 2.815852842809364915e+02 -1.704611443049999897e+00 2.821172261931760161e+01 -8.371543203294400826e+00
1.070000000000000000e+02 2.842575250836121086e+02 -1.693896134690499933e+00 2.817397491320650005e+01 -8.255241119364800539e+00
1.080000000000000000e+02 2.869297658862876119e+02 -1.683470859535699971e+00 2.813595832763520121e+01 -8.141105329846299199e+00
1.090000000000000000e+02 2.896020066889631721e+02 -1.673326751979200111e+00 2.809769904792310058e+01 -8.029075867678800549e+00
1.100000000000000000e+02 2.922742474916386755e+02 -1.663455134651800060e+00 2.805922232635769831e+01 -7.919094958898900138e+00
1.110000000000000000e+02 2.949464882943142925e+02 -1.653847526917699984e+00 2.802055248395999953e+01 -7.811106923291699644e+00
1.120000000000000000e+02 2.976187290969899095e+02 -1.644495652699500043e+00 2.798171293427359885e+01 -7.705058080394800335e+00
1.130000000000000000e+02 3.002909698996654129e+02 -1.635391443617199903e+00 2.794272618266829866e+01 -7.600896660520700010e+00
1.140000000000000000e+02 3.029632107023409731e+02 -1.626527039935599994e+00 2.790361384197250061e+01 -7.498572720488500210e+00
1.150000000000000000e+02 3.056354515050164764e+02 -1.617894798083399976e+00 2.786439664801180172e+01 -7.398038063776000151e+00
1.160000000000000000e+02 3.083076923076920934e+02 -1.609487285327900086e+00 2.782509447304089889e+01 -7.299246164824399585e+00
1.170000000000000000e+02 3.109799331103677105e+02 -1.601297284506600027e+00 2.778572634967339994e+01 -7.202152097245400064e+00
1.180000000000000000e+02 3.136521739130432138e+02 -1.593317789217099989e+00 2.774631048167109881e+01 -7.106712465698899805e+00
1.190000000000000000e+02 3.163244147157187740e+02 -1.585542006984099972e+00 2.770686426796200053e+01 -7.012885341222600211e+00
1.200000000000000000e+02 3.189966555183942774e+02 -1.577963352362300009e+00 2.766740432078089995e+01 -6.920630199813100347e+00
1.210000000000000000e+02 3.216688963210698944e+02 -1.570575447840999894e+00 2.762794648997590130e+01 -6.829907864067799927e+00
1.220000000000000000e+02 3.243411371237455114e+02 -1.563372118129499944e+00 2.758850588092359857e+01 -6.740680447711599577e+00
1.230000000000000000e+02 3.270133779264210148e+02 -1.556347388681200039e+00 2.754909687603399959e+01 -6.652911302844000119e+00
1.240000000000000000e+02 3.296856187290965750e+02 -1.549495480424899929e+00 2.750973316138000158e+01 -6.566564969751000014e+00
1.250000000000000000e+02 3.323578595317720783e+02 -1.542810805985000089e+00 2.747042774004399845e+01 -6.481607129138899914e+00
1.260000000000000000e+02 3.350301003344476953e+02 -1.536287965953399892e+00 2.743119296022689824e+01 -6.398004556653200225e+00
1.270000000000000000e+02 3.377023411371233124e+02 -1.529921743942300072e+00 2.739204053780590087e+01 -6.315725079557600097e+00
1.280000000000000000e+02 3.403745819397988157e+02 -1.523707101799500085e+00 2.735298157202980107e+01 -6.234737535453500179e+00
1.290000000000000000e+02 3.430468227424743759e+02 -1.517639175062799994e+00 2.731402657301719827e+01 -6.155011732928199919e+00
1.300000000000000000e+02 3.457190635451498792e+02 -1.511713267928699977e+00 2.727518547702720042e+01 -6.076518414028999615e+00
1.310000000000000000e+02 3.483913043478254963e+02 -1.505924849355400053e+00 2.723646767472299857e+01 -5.999229218464000368e+00
1.320000000000000000e+02 3.510635451505011133e+02 -1.500269546001099963e+00 2.719788202451530168e+01 -5.923116649437700332e+00
1.330000000000000000e+02 3.537357859531766167e+02 -1.494743141188900060e+00 2.715943687682700158e+01 -5.848154041035200201e+00
1.340000000000000000e+02 3.564080267558521768e+02 -1.489341565204000073e+00 2.712114009143209969e+01 -5.774315527074099563e+00
1.350000000000000000e+02 3.590802675585276802e+02 -1.484060894263099950e+00 2.708299905494810034e+01 -5.701576011346100259e+00
1.360000000000000000e+02 3.617525083612032972e+02 -1.478897344987400109e+00 2.704502070906849909e+01 -5.629911139179199608e+00
1.370000000000000000e+02 3.644247491638789143e+02 -1.473847268495400042e+00 2.700721155306800014e+01 -5.559297270249300205e+00
1.380000000000000000e+02 3.670969899665544176e+02 -1.468907147705400096e+00 2.696957767761600167e+01 -5.489711452580800177e+00
1.390000000000000000e+02 3.697692307692299778e+02 -1.464073590205799968e+00 2.693212477170390073e+01 -5.421131397673500274e+00
1.400000000000000000e+02 3.724414715719054811e+02 -1.459343327155600001e+00 2.689485814175580103e+01 -5.353535456700599937e+00
1.410000000000000000e+02 3.751137123745810982e+02 -1.454713205850499902e+00 2.685778272868740046e+01 -5.286902597724400188e+00
1.420000000000000000e+02 3.777859531772567152e+02 -1.450180187834100076e+00 2.682090312426310064e+01 -5.221212383878699903e+00
1.430000000000000000e+02 3.804581939799322186e+02 -1.445741344270299988e+00 2.678422358900889932e+01 -5.156444952470399912e+00
1.440000000000000000e+02 3.831304347826077787e+02 -1.441393849772300007e+00 2.674774805576440073e+01 -5.092580994956000140e+00
1.450000000000000000e+02 3.858026755852832821e+02 -1.437134982985200038e+00 2.671148015913319895e+01 -5.029601737750200030e+00
1.460000000000000000e+02 3.884749163879588991e+02 -1.432962118556599940e+00 2.667542323849090025e+01 -4.967488923826800296e+00
1.470000000000000000e+02 3.911471571906345162e+02 -1.428872724738599942e+00 2.663958035444510131e+01 -4.906224795073000244e+00
1.480000000000000000e+02 3.938193979933100195e+02 -1.424864362146700092e+00 2.660395430426200036e+01 -4.845792075363299922e+00
1.490000000000000000e+02 3.964916387959855797e+02 -1.420934677038500071e+00 2.656854762660420022e+01 -4.786173954316500279e+00
1.500000000000000000e+02 3.991638795986610830e+02 -1.417081399726499935e+00 2.653336262685949976e+01 -4.727354071706500349e+00
1.510000000000000000e+02 4.018361204013367001e+02 -1.413302341109800020e+00 2.649840137273839957e+01 -4.669316502494200272e+00
1.520000000000000000e+02 4.045083612040123171e+02 -1.409595390659599934e+00 2.646366571905189957e+01 -4.612045742452700381e+00
1.530000000000000000e+02 4.071806020066878204e+02 -1.405958511043799986e+00 2.642915730717999878e+01 -4.555526694359399720e+00
1.540000000000000000e+02 4.098528428093633806e+02 -1.402389737131499947e+00 2.639487758302360021e+01 -4.499744654727000359e+00
1.550000000000000000e+02 4.125250836120388840e+02 -1.398887171898500092e+00 2.636082780411920012e+01 -4.444685301051300108e+00
1.560000000000000000e+02 4.151973244147145010e+02 -1.395448986933200075e+00 2.632700904758170068e+01 -4.390334679550999653e+00
1.570000000000000000e+02 4.178695652173901181e+02 -1.392073415169899908e+00 2.629342222140349961e+01 -4.336679193377600328e+00
1.580000000000000000e+02 4.205418060200656214e+02 -1.388758751076099918e+00 2.626006807085380146e+01 -4.283705591275600355e+00
1.590000000000000000e+02 4.232140468227411816e+02 -1.385503350404400091e+00 2.622694719258770135e+01 -4.231400956671600433e+00
1.600000000000000000e+02 4.258862876254166849e+02 -1.382305621243000049e+00 2.619406003182799836e+01 -4.179752697174300202e+00
1.610000000000000000e+02 4.285585284280923020e+02 -1.379164030778700090e+00 2.616140690185709872e+01 -4.128748534467799658e+00
1.620000000000000000e+02 4.312307692307679190e+02 -1.376077094423399982e+00 2.612898798333869976e+01 -4.078376494580099987e+00
1.630000000000000000e+02 4.339030100334434223e+02 -1.373043380413800030e+00 2.609680332919749901e+01 -4.028624898511400154e+00
1.640000000000000000e+02 4.365752508361189825e+02 -1.370061504301500088e+00 2.606485288454879878e+01 -3.979482353206599932e+00
1.650000000000000000e+02 4.392474916387944859e+02 -1.367130128617100038e+00 2.603313647699230060e+01 -3.930937742857400163e+00
1.660000000000000000e+02 4.419197324414701029e+02 -1.364247960474999966e+00 2.600165383670019992e+01 -3.882980220519899994e+00
1.670000000000000000e+02 4.445919732441457199e+02 -1.361413748174900018e+00 2.597040458774059957e+01 -3.835599200034399914e+00
1.680000000000000000e+02 4.472642140468212233e+02 -1.358626284665900075e+00 2.593938826902610018e+01 -3.788784348235100019e+00
1.690000000000000000e+02 4.499364548494967835e+02 -1.355884398859799944e+00 2.590860432513229838e+01 -3.742525577437000095e+00
1.700000000000000000e+02 4.526086956521722868e+02 -1.353186961236100050e+00 2.587805212804190091e+01 -3.696813038189400213e+00
1.710000000000000000e+02 4.552809364548479039e+02 -1.350532876325100107e+00 2.584773095990259861e+01 -3.651637112284499942e+00
1.720000000000000000e+02 4.579531772575235209e+02 -1.347921086510500022e+00 2.581764004248019972e+01 -3.606988406010299908e+00
1.730000000000000000e+02 4.606254180601990242e+02 -1.345350565779100060e+00 2.578777851816380107e+01 -3.562857743639099795e+00
1.740000000000000000e+02 4.632976588628745844e+02 -1.342820321436499986e+00 2.575814547564250034e+01 -3.519236161140700148e+00
1.750000000000000000e+02 4.659698996655500878e+02 -1.340329393021800097e+00 2.572873993721340113e+01 -3.476114900112500017e+00
1.760000000000000000e+02 4.686421404682257048e+02 -1.337876850665699946e+00 2.569956087103449960e+01 -3.433485401916700042e+00
1.770000000000000000e+02 4.713143812709013218e+02 -1.335461790912199964e+00 2.567060718920379969e+01 -3.391339302017200019e+00
1.780000000000000000e+02 4.739866220735768252e+02 -1.333083342556099948e+00 2.564187776122300022e+01 -3.349668424508399855e+00
1.790000000000000000e+02 4.766588628762523854e+02 -1.330740656254600029e+00 2.561337140859290074e+01 -3.308464776827099829e+00
1.800000000000000000e+02 4.793311036789278887e+02 -1.328432913587699993e+00 2.558508690833799903e+01 -3.267720544642600089e+00
1.810000000000000000e+02 4.820033444816035058e+02 -1.326159319573100070e+00 2.555702299961879831e+01 -3.227428086915499872e+00
1.820000000000000000e+02 4.846755852842791228e+02 -1.323919101489700045e+00 2.552917838548739837e+01 -3.187579931120899879e+00
1.830000000000000000e+02 4.873478260869546261e+02 -1.321711510931800060e+00 2.550155173259830121e+01 -3.148168768628099912e+00
1.840000000000000000e+02 4.900200668896301863e+02 -1.319535822769599909e+00 2.547414168115980004e+01 -3.109187450231900129e+00
1.850000000000000000e+02 4.926923076923056897e+02 -1.317391333218500105e+00 2.544694683742019947e+01 -3.070628981829300219e+00
1.860000000000000000e+02 4.953645484949813067e+02 -1.315277358160700016e+00 2.541996578537679952e+01 -3.032486520235599947e+00
1.870000000000000000e+02 4.980367892976569237e+02 -1.313193233712999897e+00 2.539319708360280003e+01 -2.994753369136200050e+00
1.880000000000000000e+02 5.007090301003324271e+02 -1.311138317325899916e+00 2.536663926723050011e+01 -2.957422975166799972e+00
1.890000000000000000e+02 5.033812709030079873e+02 -1.309111982455199996e+00 2.534029085398280046e+01 -2.920488924119700069e+00
1.900000000000000000e+02 5.060535117056834906e+02 -1.307113621611500021e+00 2.531415034235419981e+01 -2.883944937268999809e+00
1.910000000000000000e+02 5.087257525083591077e+02 -1.305142644564599941e+00 2.528821621420370036e+01 -2.847784867813099918e+00
1.920000000000000000e+02 5.113979933110347247e+02 -1.303198477919399911e+00 2.526248693442619953e+01 -2.812002697427100184e+00
1.930000000000000000e+02 5.140702341137102849e+02 -1.301280565273500001e+00 2.523696096265280175e+01 -2.776592532924199830e+00
1.940000000000000000e+02 5.167424749163858451e+02 -1.299388364116200067e+00 2.521163674065270044e+01 -2.741548603019800190e+00
1.950000000000000000e+02 5.194147157190614053e+02 -1.297521348123799934e+00 2.518651270055060110e+01 -2.706865255195800124e+00
1.960000000000000000e+02 5.220869565217369654e+02 -1.295679003847800104e+00 2.516158727039800169e+01 -2.672536952660899967e+00
1.970000000000000000e+02 5.247591973244125256e+02 -1.293860835067899950e+00 2.513685886560109850e+01 -2.638558271404499944e+00
1.980000000000000000e+02 5.274314381270880858e+02 -1.292066355660399957e+00 2.511232590356030059e+01 -2.604923897339099792e+00
1.990000000000000000e+02 5.301036789297636460e+02 -1.290295095385600055e+00 2.508798678624030032e+01 -2.571628623530299862e+00
2.000000000000000000e+02 5.327759197324392062e+02 -1.288546595764799907e+00 2.506383992186379928e+01 -2.538667347509000027e+00
2.010000000000000000e+02 5.354481605351147664e+02 -1.286820407083300033e+00 2.503988371219600140e+01 -2.506035068664899779e+00
2.020000000000000000e+02 5.381204013377903266e+02 -1.285116098592999911e+00 2.501611655666609835e+01 -2.473726885717499879e+00
2.030000000000000000e+02 5.407926421404658868e+02 -1.283433244532300010e+00 2.499253685578770146e+01 -2.441737994262000111e+00
2.040000000000000000e+02 5.434648829431414470e+02 -1.281771433704200103e+00 2.496914300994680147e+01 -2.410063684387199867e+00
2.050000000000000000e+02 5.461371237458170071e+02 -1.280130263534899893e+00 2.494593342049470053e+01 -2.378699338364199889e+00
2.060000000000000000e+02 5.488093645484925673e+02 -1.278509344547200000e+00 2.492290649034859840e+01 -2.347640428401899904e+00
2.070000000000000000e+02 5.514816053511681275e+02 -1.276908293313899989e+00 2.490006062767049855e+01 -2.316882514467999865e+00
2.080000000000000000e+02 5.541538461538436877e+02 -1.275326738800399928e+00 2.487739423947950002e+01 -2.286421242173299895e+00
2.090000000000000000e+02 5.568260869565192479e+02 -1.273764320443500075e+00 2.485490574344180104e+01 -2.256252340716200067e+00
2.100000000000000000e+02 5.594983277591948081e+02 -1.272220683134900110e+00 2.483259355463319906e+01 -2.226371620886899994e+00
2.110000000000000000e+02 5.621705685618703683e+02 -1.270695484821499965e+00 2.481045610008850133e+01 -2.196774973128400088e+00
2.120000000000000000e+02 5.648428093645459285e+02 -1.269188387871899915e+00 2.478849180865829993e+01 -2.167458365651699914e+00
2.130000000000000000e+02 5.675150501672214887e+02 -1.267699065576699979e+00 2.476669911675449853e+01 -2.138417842605400132e+00
2.140000000000000000e+02 5.701872909698970489e+02 -1.266227198723399949e+00 2.474507646868849875e+01 -2.109649522296099811e+00
2.150000000000000000e+02 5.728595317725726090e+02 -1.264772475535899998e+00 2.472362231116489895e+01 -2.081149595458899881e+00
2.160000000000000000e+02 5.755317725752481692e+02 -1.263334590713800054e+00 2.470233510782770026e+01 -2.052914323575599997e+00
2.170000000000000000e+02 5.782040133779237294e+02 -1.261913249144599902e+00 2.468121332163839909e+01 -2.024940037240099855e+00
2.180000000000000000e+02 5.808762541805992896e+02 -1.260508159739899936e+00 2.466025542669380144e+01 -1.997223134568800074e+00
2.190000000000000000e+02 5.835484949832748498e+02 -1.259119040572699966e+00 2.463945991139119940e+01 -1.969760079654399920e+00
2.200000000000000000e+02 5.862207357859504100e+02 -1.257745614488400054e+00 2.461882526451820041e+01 -1.942547401062199919e+00
2.210000000000000000e+02 5.888929765886259702e+02 -1.256387612406099974e+00 2.459834999111360077e+01 -1.915581690367299972e+00
2.220000000000000000e+02 5.915652173913015304e+02 -1.255044769555800022e+00 2.457803260007599988e+01 -1.888859600731400024e+00
2.230000000000000000e+02 5.942374581939770906e+02 -1.253716829775100017e+00 2.455787161665239893e+01 -1.862377845518399910e+00
2.240000000000000000e+02 5.969096989966526507e+02 -1.252403540420399919e+00 2.453786556949719966e+01 -1.836133196946200030e+00
2.250000000000000000e+02 5.995819397993282109e+02 -1.251104656516599967e+00 2.451801300513750093e+01 -1.810122484775799956e+00
2.260000000000000000e+02 6.022541806020037711e+02 -1.249819937055500096e+00 2.449831247642750043e+01 -1.784342595034100087e+00
2.270000000000000000e+02 6.049264214046793313e+02 -1.248549148743999915e+00 2.447876254732749857e+01 -1.758790468771900040e+00
2.280000000000000000e+02 6.075986622073548915e+02 -1.247292059516400098e+00 2.445936178769780156e+01 -1.733463100853100070e+00
2.290000000000000000e+02 6.102709030100304517e+02 -1.246048446303100077e+00 2.444010878708310130e+01 -1.708357538777000029e+00
2.300000000000000000e+02 6.129431438127060119e+02 -1.244818089662099947e+00 2.442100214516939971e+01 -1.683470881530999996e+00
2.310000000000000000e+02 6.156153846153815721e+02 -1.243600774888000027e+00 2.440204046750899991e+01 -1.658800278472599921e+00
2.320000000000000000e+02 6.182876254180571323e+02 -1.242396291066000025e+00 2.438322237241899870e+01 -1.634342928241599990e+00
2.330000000000000000e+02 6.209598662207326925e+02 -1.241204433905499949e+00 2.436454649600840128e+01 -1.610096077699199935e+00
2.340000000000000000e+02 6.236321070234082526e+02 -1.240025001271600091e+00 2.434601147727239834e+01 -1.586057020894799940e+00
2.350000000000000000e+02 6.263043478260838128e+02 -1.238857798461100002e+00 2.432761597387230168e+01 -1.562223098059799975e+00
2.360000000000000000e+02 6.289765886287593730e+02 -1.237702630842800078e+00 2.430935864957210057e+01 -1.538591694626199935e+00
2.370000000000000000e+02 6.316488294314349332e+02 -1.236559310715299898e+00 2.429123818333960116e+01 -1.515160240270299941e+00
2.380000000000000000e+02 6.343210702341104934e+02 -1.235427653663700109e+00 2.427325326391860116e+01 -1.491926207981399966e+00
2.390000000000000000e+02 6.369933110367860536e+02 -1.234307478896099930e+00 2.425540259337200055e+01 -1.468887113152699930e+00
2.400000000000000000e+02 6.396655518394616138e+02 -1.233198610874399970e+00 2.423768488544110156e+01 -1.446040512695700109e+00
2.410000000000000000e+02 6.423377926421371740e+02 -1.232100874210100061e+00 2.422009886634729980e+01 -1.423384004176700079e+00
2.420000000000000000e+02 6.450100334448127342e+02 -1.231014101495099933e+00 2.420264327093480006e+01 -1.400915224974699891e+00
2.430000000000000000e+02 6.476822742474882943e+02 -1.229938125215999989e+00 2.418531685009279997e+01 -1.378631851459900082e+00
2.440000000000000000e+02 6.503545150501638545e+02 -1.228872784063999912e+00 2.416811836513669931e+01 -1.356531598192799892e+00
2.450000000000000000e+02 6.530267558528394147e+02 -1.227817917602699982e+00 2.415104658574970031e+01 -1.334612217142600032e+00
2.460000000000000000e+02 6.556989966555149749e+02 -1.226773369473399988e+00 2.413410029903920062e+01 -1.312871496925199999e+00
2.470000000000000000e+02 6.583712374581905351e+02 -1.225738987045100092e+00 2.411727829999690087e+01 -1.291307262059399941e+00
2.480000000000000000e+02 6.610434782608660953e+02 -1.224714620928200048e+00 2.410057939432530105e+01 -1.269917372240999986e+00
2.490000000000000000e+02 6.637157190635416555e+02 -1.223700122749699970e+00 2.408400240506449919e+01 -1.248699721634999982e+00
2.500000000000000000e+02 6.663879598662172157e+02 -1.222695349746200089e+00 2.406754616260619883e+01 -1.227652238184099964e+00
2.510000000000000000e+02 6.690602006688927759e+02 -1.221700159305399991e+00 2.405120951011450003e+01 -1.206772882934600055e+00
2.520000000000000000e+02 6.717324414715683361e+02 -1.220714414821600036e+00 2.403499129823429925e+01 -1.186059649377499969e+00
2.530000000000000000e+02 6.744046822742438962e+02 -1.219737979610000078e+00 2.401889039671710080e+01 -1.165510562806199912e+00
2.540000000000000000e+02 6.770769230769194564e+02 -1.218770718671899900e+00 2.400290568079629949e+01 -1.145123679688299978e+00
2.550000000000000000e+02 6.797491638795950166e+02 -1.217812504633599913e+00 2.398703603987939914e+01 -1.124897087053400080e+00
2.560000000000000000e+02 6.824214046822705768e+02 -1.216863207430300076e+00 2.397128037584640126e+01 -1.104828901894600035e+00
2.570000000000000000e+02 6.850936454849461370e+02 -1.215922700908099952e+00 2.395563759527700043e+01 -1.084917270583700022e+00
2.580000000000000000e+02 6.877658862876216972e+02 -1.214990863362100049e+00 2.394010662588049954e+01 -1.065160368301099947e+00
2.590000000000000000e+02 6.904381270902972574e+02 -1.214067571898699960e+00 2.392468639703099953e+01 -1.045556398477899940e+00
2.600000000000000000e+02 6.931103678929728176e+02 -1.213152710238099896e+00 2.390937585469550086e+01 -1.026103592251399910e+00
2.610000000000000000e+02 6.957826086956483778e+02 -1.212246160549300011e+00 2.389417395437159897e+01 -1.006800207933000069e+00
2.620000000000000000e+02 6.984548494983239380e+02 -1.211347807434399959e+00 2.387907966379280111e+01 -9.876445304886000143e-01
2.630000000000000000e+02 7.011270903009994981e+02 -1.210457539869099985e+00 2.386409195719869913e+01 -9.686348710302999931e-01
2.640000000000000000e+02 7.037993311036750583e+02 -1.209575247588899893e+00 2.384920982670249856e+01 -9.497695663202999627e-01
2.650000000000000000e+02 7.064715719063506185e+02 -1.208700822525800023e+00 2.383443226507910140e+01 -9.310469782857000443e-01
2.660000000000000000e+02 7.091438127090261787e+02 -1.207834159037600052e+00 2.381975828493429859e+01 -9.124654935442999548e-01
2.670000000000000000e+02 7.118160535117017389e+02 -1.206975152153199948e+00 2.380518690818449912e+01 -8.940235229413999729e-01
2.680000000000000000e+02 7.144882943143772991e+02 -1.206123698936399924e+00 2.379071716010150084e+01 -8.757195010962000037e-01
2.690000000000000000e+02 7.171605351170528593e+02 -1.205279701769699896e+00 2.377634808304809866e+01 -8.575518859595000487e-01
2.700000000000000000e+02 7.198327759197284195e+02 -1.204443058280100010e+00 2.376207872447070102e+01 -8.395191583801999702e-01
2.710000000000000000e+02 7.225050167224039797e+02 -1.203613673348999935e+00 2.374790814791110094e+01 -8.216198216822000466e-01
2.720000000000000000e+02 7.251772575250795398e+02 -1.202791449450199890e+00 2.373383542745100172e+01 -8.038524012497000326e-01
2.730000000000000000e+02 7.278494983277551000e+02 -1.201976298657100095e+00 2.371985963905839867e+01 -7.862154441230999602e-01
2.740000000000000000e+02 7.305217391304306602e+02 -1.201168122631000035e+00 2.370597986968320114e+01 -7.687075186020999595e-01
2.750000000000000000e+02 7.331939799331062204e+02 -1.200366834502599955e+00 2.369219522655379961e+01 -7.513272138587000493e-01
2.760000000000000000e+02 7.358662207357817806e+02 -1.199572345305099930e+00 2.367850481458560097e+01 -7.340731395583000030e-01
2.770000000000000000e+02 7.385384615384573408e+02 -1.198784567005299895e+00 2.366490775442100158e+01 -7.169439254885999757e-01
2.780000000000000000e+02 7.412107023411329010e+02 -1.198003413735500011e+00 2.365140317285450067e+01 -6.999382211972999812e-01
2.790000000000000000e+02 7.438829431438084612e+02 -1.197228801758599914e+00 2.363799021246880017e+01 -6.830546956366000400e-01
2.800000000000000000e+02 7.465551839464840214e+02 -1.196460649856700087e+00 2.362466801961500096e+01 -6.662920368164999552e-01
2.810000000000000000e+02 7.492274247491595816e+02 -1.195698874572499903e+00 2.361143574806790113e+01 -6.496489514647000307e-01
2.820000000000000000e+02 7.518996655518351417e+02 -1.194943395469600045e+00 2.359829256630889915e+01 -6.331241646940000134e-01
2.830000000000000000e+02 7.545719063545107019e+02 -1.194194134066500101e+00 2.358523764384160160e+01 -6.167164196765999584e-01
2.840000000000000000e+02 7.572441471571862621e+02 -1.193451015428999895e+00 2.357227017442939854e+01 -6.004244773257000345e-01
2.850000000000000000e+02 7.599163879598618223e+02 -1.192713961129499900e+00 2.355938933984209882e+01 -5.842471159833999561e-01
2.860000000000000000e+02 7.625886287625373825e+02 -1.191982897252600093e+00 2.354659434605899904e+01 -5.681831311155000064e-01
2.870000000000000000e+02 7.652608695652129427e+02 -1.191257750318200026e+00 2.353388440282569860e+01 -5.522313350123000397e-01
2.880000000000000000e+02 7.679331103678885029e+02 -1.190538447428300062e+00 2.352125873190939842e+01 -5.363905564961000128e-01
2.890000000000000000e+02 7.706053511705640631e+02 -1.189824917372499957e+00 2.350871655013520112e+01 -5.206596406342000050e-01
2.900000000000000000e+02 7.732775919732396233e+02 -1.189117091870000031e+00 2.349625710562879988e+01 -5.050374484588999735e-01
2.910000000000000000e+02 7.759498327759151834e+02 -1.188414899376200040e+00 2.348387963106799958e+01 -4.895228566916999813e-01
2.920000000000000000e+02 7.786220735785907436e+02 -1.187718274647600047e+00 2.347158338447389880e+01 -4.741147574746999993e-01
2.930000000000000000e+02 7.812943143812663038e+02 -1.187027149158500050e+00 2.345936762360690153e+01 -4.588120581069000115e-01
2.940000000000000000e+02 7.839665551839418640e+02 -1.186341458040300001e+00 2.344723161546789925e+01 -4.436136807853999775e-01
2.950000000000000000e+02 7.866387959866174242e+02 -1.185661137135799903e+00 2.343517464043199894e+01 -4.285185623527000276e-01
2.960000000000000000e+02 7.893110367892929844e+02 -1.184986123711099903e+00 2.342319597461660052e+01 -4.135256540489999910e-01
2.970000000000000000e+02 7.919832775919685446e+02 -1.184316353357000029e+00 2.341129491649990157e+01 -3.986339212685999778e-01
2.980000000000000000e+02 7.946555183946441048e+02 -1.183651765732699923e+00 2.339947076148780170e+01 -3.838423433227999837e-01
2.990000000000000000e+02 7.973277591973196650e+02 -1.182992299894300103e+00 2.338772281496229866e+01 -3.691499132057999844e-01
3.000000000000000000e+02 7.999999999999952252e+02 -1.182337897406400051e+00 2.337605039310010113e+01 -3.545556373670000205e-01
1.000000000000000000e+00 8.000000000000000000e+02 -1.182341805062099960e+00 2.337604288077140069e+01 -3.545556373668999894e-01
2.000000000000000000e+00 8.857142857142856656e+02 -1.163724968288400108e+00 2.303793062928659907e+01 6.685297270079999798e-02
3.000000000000000000e+00 9.714285714285713311e+02 -1.148777401411400056e+00 2.275844867831130003e+01 4.138953574625000020e-01
4.000000000000000000e+00 1.057142857142857110e+03 -1.136505343238400023e+00 2.252403459274189856e+01 7.046605987492999823e-01
5.000000000000000000e+00 1.142857142857142890e+03 -1.126245306617700059e+00 2.232486943022059833e+01 9.518110538431000522e-01
6.000000000000000000e+00 1.228571428571428669e+03 -1.117536949445999905e+00 2.215371975613379973e+01 1.164475398923900062e+00
7.000000000000000000e+00 1.314285714285714448e+03 -1.110050655123800079e+00 2.200516379331759964e+01 1.349400916385300020e+00
8.000000000000000000e+00 1.400000000000000227e+03 -1.103544028024799895e+00 2.187507034195839850e+01 1.511682492933200006e+00
9.000000000000000000e+00 1.485714285714286007e+03 -1.097834808766499970e+00 2.176024325674210047e+01 1.655239272186999955e+00
1.000000000000000000e+01 1.571428571428571786e+03 -1.092783364044600081e+00 2.165817494388119968e+01 1.783135311885899910e+00
1.100000000000000000e+01 1.657142857142857565e+03 -1.088281056269899905e+00 2.156687227242429827e+01 1.897800726788400061e+00
1.200000000000000000e+01 1.742857142857143344e+03 -1.084242219945900088e+00 2.148473246990349850e+01 2.001187576290599957e+00
1.300000000000000000e+01 1.828571428571429124e+03 -1.080598484398600068e+00 2.141045256110059825e+01 2.094881908651999858e+00
1.400000000000000000e+01 1.914285714285714903e+03 -1.077294252878600034e+00 2.134296248242220173e+01 2.180185703787000051e+00
1.500000000000000000e+01 2.000000000000000682e+03 -1.074284917560500041e+00 2.128137872601600122e+01 2.258177745053199903e+00
1.000000000000000000e+00 2.500000000000000000e+03 -1.060947908254000094e+00 2.100787277670799824e+01 2.606542196042600068e+00
2.000000000000000000e+00 3.166666666666666515e+03 -1.049764517592300050e+00 2.077988705152559845e+01 2.899901733717800134e+00
3.000000000000000000e+00 3.833333333333333030e+03 -1.042294042501699991e+00 2.063283385766089850e+01 3.091223171332099895e+00
4.000000000000000000e+00 4.500000000000000000e+03 -1.035395139633799921e+00 2.053313350683630034e+01 3.225856775579199809e+00
1.000000000000000000e+00 5.000000000000000000e+03 -1.034217366125800064e+00 2.047073257115830103e+01 3.303271098021300034e+00
2.000000000000000000e+00 1.000000000000000000e+04 -1.019180105574599926e+00 2.021089049425090067e+01 3.651635549010599835e+00
1.000000000000000000e+00 1.500000000000000000e+04 -1.012422959267500033e+00 2.012854690601810148e+01 3.767757032673800133e+00
2.000000000000000000e+00 2.000000000000000000e+04 -1.007705484522299910e+00 2.009014916974890141e+01 3.825817774505300140e+00
