   1            1.00000000          3.96928683         35.96928683
   2            1.09909910          3.96291767         35.96291767
   3            1.19819820          3.95595491         35.95595491
   4            1.29729730          3.94840064         35.94840064
   5            1.39639640          3.94025712         35.94025712
   6            1.49549550          3.93152679         35.93152679
   7            1.59459459          3.92221225         35.92221225
   8            1.69369369          3.91231630         35.91231630
   9            1.79279279          3.90184186         35.90184186
  10            1.89189189          3.89079207         35.89079207
  11            1.99099099          3.87917020         35.87917020
  12            2.09009009          3.86697968         35.86697968
  13            2.18918919          3.85422413         35.85422413
  14            2.28828829          3.84090730         35.84090730
  15            2.38738739          3.82703311         35.82703311
  16            2.48648649          3.81260562         35.81260562
  17            2.58558559          3.79762906         35.79762906
  18            2.68468468          3.78210780         35.78210780
  19            2.78378378          3.76604636         35.76604636
  20            2.88288288          3.74944938         35.74944938
  21            2.98198198          3.73232168         35.73232168
  22            3.08108108          3.71466819         35.71466819
  23            3.18018018          3.69649398         35.69649398
  24            3.27927928          3.67780426         35.67780426
  25            3.37837838          3.65860435         35.65860435
  26            3.47747748          3.63889973         35.63889973
  27            3.57657658          3.61869596         35.61869596
  28            3.67567568          3.59799876         35.59799876
  29            3.77477477          3.57681393         35.57681393
  30            3.87387387          3.55514742         35.55514741
  31            3.97297297          3.53300525         35.53300524
  32            4.07207207          3.51039358         35.51039357
  33            4.17117117          3.48731865         35.48731865
  34            4.27027027          3.46378683         35.46378681
  35            4.36936937          3.43980454         35.43980452
  36            4.46846847          3.41537832         35.41537831
  37            4.56756757          3.39051482         35.39051480
  38            4.66666667          3.36522073         35.36522070
  39            4.76576577          3.33950285         35.33950282
  40            4.86486486          3.31336805         35.31336801
  41            4.96396396          3.28682329         35.28682324
  42            5.06306306          3.25987558         35.25987552
  43            5.16216216          3.23253200         35.23253193
  44            5.26126126          3.20479971         35.20479963
  45            5.36036036          3.17668592         35.17668582
  46            5.45945946          3.14819790         35.14819778
  47            5.55855856          3.11934296         35.11934282
  48            5.65765766          3.09012849         35.09012832
  49            5.75675676          3.06056189         35.06056169
  50            5.85585586          3.03065062         35.03065039
  51            5.95495495          3.00040220         35.00040193
  52            6.05405405          2.96982414         34.96982383
  53            6.15315315          2.93892402         34.93892366
  54            6.25225225          2.90770944         34.90770902
  55            6.35135135          2.87618801         34.87618752
  56            6.45045045          2.84436738         34.84436681
  57            6.54954955          2.81225521         34.81225456
  58            6.64864865          2.77985917         34.77985842
  59            6.74774775          2.74718696         34.74718610
  60            6.84684685          2.71424627         34.71424529
  61            6.94594595          2.68104480         34.68104368
  62            7.04504505          2.64759026         34.64758899
  63            7.14414414          2.61389036         34.61388891
  64            7.24324324          2.57995278         34.57995114
  65            7.34234234          2.54578523         34.54578337
  66            7.44144144          2.51139538         34.51139329
  67            7.54054054          2.47679092         34.47678855
  68            7.63963964          2.44197948         34.44197682
  69            7.73873874          2.40696870         34.40696572
  70            7.83783784          2.37176620         34.37176286
  71            7.93693694          2.33637957         34.33637582
  72            8.03603604          2.30081637         34.30081218
  73            8.13513514          2.26508412         34.26507945
  74            8.23423423          2.22919033         34.22918513
  75            8.33333333          2.19314247         34.19313669
  76            8.43243243          2.15694796         34.15694154
  77            8.53153153          2.12061419         34.12060707
  78            8.63063063          2.08414850         34.08414063
  79            8.72972973          2.04755821         34.04754950
  80            8.82882883          2.01085056         34.01084095
  81            8.92792793          1.97403276         33.97402217
  82            9.02702703          1.93711197         33.93710031
  83            9.12612613          1.90009529         33.90008248
  84            9.22522523          1.86298977         33.86297570
  85            9.32432432          1.82580241         33.82578699
  86            9.42342342          1.78854014         33.78852324
  87            9.52252252          1.75120983         33.75119135
  88            9.62162162          1.71381829         33.71379810
  89            9.72072072          1.67637228         33.67635025
  90            9.81981982          1.63887847         33.63885447
  91            9.91891892          1.60134349         33.60131736
  92           10.01801802          1.56377388         33.56374547
  93           10.11711712          1.52617613         33.52614526
  94           10.21621622          1.48855664         33.48852314
  95           10.31531532          1.45092175         33.45088543
  96           10.41441441          1.41327772         33.41323839
  97           10.51351351          1.37563073         33.37558819
  98           10.61261261          1.33798692         33.33794094
  99           10.71171171          1.30035230         33.30030266
 100           10.81081081          1.26273284         33.26267930
 101           10.90990991          1.22513442         33.22507672
 102           11.00900901          1.18756284         33.18750072
 103           11.10810811          1.15002383         33.14995700
 104           11.20720721          1.11252301         33.11245118
 105           11.30630631          1.07506595         33.07498883
 106           11.40540541          1.03765813         33.03757538
 107           11.50450450          1.00030493         33.00021623
 108           11.60360360          0.96301167         32.96291666
 109           11.70270270          0.92578358         32.92568189
 110           11.80180180          0.88862578         32.88851705
 111           11.90090090          0.85154334         32.85142716
 112           12.00000000          0.81454124         32.81441719
 113           12.09909910          0.77762435         32.77749200
 114           12.19819820          0.74079747         32.74065638
 115           12.29729730          0.70406532         32.70391502
 116           12.39639640          0.66743253         32.66727253
 117           12.49549550          0.63090364         32.63073344
 118           12.59459459          0.59448310         32.59430217
 119           12.69369369          0.55817528         32.55798309
 120           12.79279279          0.52198447         32.52178045
 121           12.89189189          0.48591487         32.48569843
 122           12.99099099          0.44997057         32.44974112
 123           13.09009009          0.41415562         32.41391252
 124           13.18918919          0.37847394         32.37821655
 125           13.28828829          0.34292938         32.34265704
 126           13.38738739          0.30752573         32.30723774
 127           13.48648649          0.27226665         32.27196230
 128           13.58558559          0.23715575         32.23683430
 129           13.68468468          0.20219654         32.20185723
 130           13.78378378          0.16739245         32.16703450
 131           13.88288288          0.13274682         32.13236942
 132           13.98198198          0.09826291         32.09786523
 133           14.08108108          0.06394391         32.06352509
 134           14.18018018          0.02979291         32.02935207
 135           14.27927928         -0.00418708         31.99534916
 136           14.37837838         -0.03799311         31.96151926
 137           14.47747748         -0.07162235         31.92786520
 138           14.57657658         -0.10507202         31.89438973
 139           14.67567568         -0.13833943         31.86109551
 140           14.77477477         -0.17142195         31.82798513
 141           14.87387387         -0.20431707         31.79506109
 142           14.97297297         -0.23702232         31.76232583
 143           15.07207207         -0.26953532         31.72978169
 144           15.17117117         -0.30185377         31.69743095
 145           15.27027027         -0.33397544         31.66527582
 146           15.36936937         -0.36589818         31.63331841
 147           15.46846847         -0.39761992         31.60156077
 148           15.56756757         -0.42913863         31.57000488
 149           15.66666667         -0.46045241         31.53865265
 150           15.76576577         -0.49155938         31.50750589
 151           15.86486486         -0.52245775         31.47656638
 152           15.96396396         -0.55314581         31.44583580
 153           16.06306306         -0.58362192         31.41531576
 154           16.16216216         -0.61388448         31.38500782
 155           16.26126126         -0.64393198         31.35491346
 156           16.36036036         -0.67376299         31.32503410
 157           16.45945946         -0.70337613         31.29537107
 158           16.55855856         -0.73277007         31.26592566
 159           16.65765766         -0.76194357         31.23669910
 160           16.75675676         -0.79089546         31.20769253
 161           16.85585586         -0.81962459         31.17890703
 162           16.95495495         -0.84812992         31.15034366
 163           17.05405405         -0.87641045         31.12200335
 164           17.15315315         -0.90446522         31.09388704
 165           17.25225225         -0.93229338         31.06599555
 166           17.35135135         -0.95989409         31.03832968
 167           17.45045045         -0.98726659         31.01089017
 168           17.54954955         -1.01441017         30.98367768
 169           17.64864865         -1.04132419         30.95669283
 170           17.74774775         -1.06800803         30.92993618
 171           17.84684685         -1.09446117         30.90340825
 172           17.94594595         -1.12068312         30.87710949
 173           18.04504505         -1.14667342         30.85104031
 174           18.14414414         -1.17243171         30.82520104
 175           18.24324324         -1.19795763         30.79959201
 176           18.34234234         -1.22325091         30.77421344
 177           18.44144144         -1.24831131         30.74906556
 178           18.54054054         -1.27313864         30.72414852
 179           18.63963964         -1.29773275         30.69946241
 180           18.73873874         -1.32209355         30.67500730
 181           18.83783784         -1.34622098         30.65078322
 182           18.93693694         -1.37011504         30.62679012
 183           19.03603604         -1.39377576         30.60302794
 184           19.13513514         -1.41720321         30.57949657
 185           19.23423423         -1.44039753         30.55619583
 186           19.33333333         -1.46335887         30.53312555
 187           19.43243243         -1.48608743         30.51028547
 188           19.53153153         -1.50858344         30.48767533
 189           19.63063063         -1.53084719         30.46529480
 190           19.72972973         -1.55287900         30.44314352
 191           19.82882883         -1.57467921         30.42122112
 192           19.92792793         -1.59624821         30.39952716
 193           20.02702703         -1.61758642         30.37806117
 194           20.12612613         -1.63869431         30.35682267
 195           20.22522523         -1.65957236         30.33581112
 196           20.32432432         -1.68022109         30.31502595
 197           20.42342342         -1.70064107         30.29446656
 198           20.52252252         -1.72083287         30.27413234
 199           20.62162162         -1.74079712         30.25402262
 200           20.72072072         -1.76053445         30.23413671
 201           20.81981982         -1.78004555         30.21447389
 202           20.91891892         -1.79933112         30.19503342
 203           21.01801802         -1.81839189         30.17581452
 204           21.11711712         -1.83722862         30.15681638
 205           21.21621622         -1.85584208         30.13803819
 206           21.31531532         -1.87423309         30.11947909
 207           21.41441441         -1.89240249         30.10113819
 208           21.51351351         -1.91035112         30.08301459
 209           21.61261261         -1.92807987         30.06510737
 210           21.71171171         -1.94558965         30.04741557
 211           21.81081081         -1.96288137         30.02993823
 212           21.90990991         -1.97995599         30.01267434
 213           22.00900901         -1.99681446         29.99562289
 214           22.10810811         -2.01345778         29.97878285
 215           22.20720721         -2.02988695         29.96215316
 216           22.30630631         -2.04610300         29.94573274
 217           22.40540541         -2.06210697         29.92952049
 218           22.50450450         -2.07789992         29.91351532
 219           22.60360360         -2.09348293         29.89771607
 220           22.70270270         -2.10885708         29.88212162
 221           22.80180180         -2.12402350         29.86673079
 222           22.90090090         -2.13898330         29.85154241
 223           23.00000000         -2.15373762         29.83655528
 224           23.09909910         -2.16828762         29.82176820
 225           23.19819820         -2.18263446         29.80717993
 226           23.29729730         -2.19677932         29.79278924
 227           23.39639640         -2.21072340         29.77859489
 228           23.49549550         -2.22446789         29.76459560
 229           23.59459459         -2.23801402         29.75079011
 230           23.69369369         -2.25136301         29.73717713
 231           23.79279279         -2.26451610         29.72375535
 232           23.89189189         -2.27747453         29.71052348
 233           23.99099099         -2.29023956         29.69748019
 234           24.09009009         -2.30281246         29.68462415
 235           24.18918919         -2.31519450         29.67195402
 236           24.28828829         -2.32738697         29.65946846
 237           24.38738739         -2.33939115         29.64716612
 238           24.48648649         -2.35120834         29.63504562
 239           24.58558559         -2.36283984         29.62310560
 240           24.68468468         -2.37428697         29.61134468
 241           24.78378378         -2.38555105         29.59976148
 242           24.88288288         -2.39663339         29.58835459
 243           24.98198198         -2.40753533         29.57712263
 244           25.08108108         -2.41825819         29.56606420
 245           25.18018018         -2.42880332         29.55517787
 246           25.27927928         -2.43917205         29.54446225
 247           25.37837838         -2.44936574         29.53391590
 248           25.47747748         -2.45938572         29.52353742
 249           25.57657658         -2.46923336         29.51332536
 250           25.67567568         -2.47891000         29.50327831
 251           25.77477477         -2.48841700         29.49339484
 252           25.87387387         -2.49775572         29.48367349
 253           25.97297297         -2.50692753         29.47411285
 254           26.07207207         -2.51593378         29.46471146
 255           26.17117117         -2.52477585         29.45546788
 256           26.27027027         -2.53345508         29.44638068
 257           26.36936937         -2.54197285         29.43744840
 258           26.46846847         -2.55033053         29.42866960
 259           26.56756757         -2.55852947         29.42004283
 260           26.66666667         -2.56657105         29.41156665
 261           26.76576577         -2.57445662         29.40323960
 262           26.86486486         -2.58218756         29.39506024
 263           26.96396396         -2.58976522         29.38702712
 264           27.06306306         -2.59719097         29.37913880
 265           27.16216216         -2.60446616         29.37139383
 266           27.26126126         -2.61159216         29.36379076
 267           27.36036036         -2.61857032         29.35632815
 268           27.45945946         -2.62540200         29.34900456
 269           27.55855856         -2.63208854         29.34181855
 270           27.65765766         -2.63863130         29.33476868
 271           27.75675676         -2.64503162         29.32785351
 272           27.85585586         -2.65129085         29.32107161
 273           27.95495495         -2.65741033         29.31442155
 274           28.05405405         -2.66339138         29.30790190
 275           28.15315315         -2.66923536         29.30151123
 276           28.25225225         -2.67494358         29.29524813
 277           28.35135135         -2.68051737         29.28911117
 278           28.45045045         -2.68595806         29.28309893
 279           28.54954955         -2.69126696         29.27721001
 280           28.64864865         -2.69644538         29.27144300
 281           28.74774775         -2.70149463         29.26579649
 282           28.84684685         -2.70641602         29.26026909
 283           28.94594595         -2.71121084         29.25485939
 284           29.04504505         -2.71588039         29.24956601
 285           29.14414414         -2.72042596         29.24438757
 286           29.24324324         -2.72484883         29.23932267
 287           29.34234234         -2.72915028         29.23436995
 288           29.44144144         -2.73333158         29.22952803
 289           29.54054054         -2.73739399         29.22479555
 290           29.63963964         -2.74133879         29.22017114
 291           29.73873874         -2.74516722         29.21565346
 292           29.83783784         -2.74888053         29.21124114
 293           29.93693694         -2.75247998         29.20693285
 294           30.03603604         -2.75596679         29.20272725
 295           30.13513514         -2.75934219         29.19862301
 296           30.23423423         -2.76260741         29.19461880
 297           30.33333333         -2.76576368         29.19071329
 298           30.43243243         -2.76881219         29.18690519
 299           30.53153153         -2.77175416         29.18319317
 300           30.63063063         -2.77459079         29.17957594
 301           30.72972973         -2.77732326         29.17605221
 302           30.82882883         -2.77995276         29.17262068
 303           30.92792793         -2.78248047         29.16928008
 304           31.02702703         -2.78490756         29.16602912
 305           31.12612613         -2.78723520         29.16286655
 306           31.22522523         -2.78946453         29.15979111
 307           31.32432432         -2.79159672         29.15680153
 308           31.42342342         -2.79363290         29.15389657
 309           31.52252252         -2.79557422         29.15107500
 310           31.62162162         -2.79742179         29.14833558
 311           31.72072072         -2.79917673         29.14567708
 312           31.81981982         -2.80084018         29.14309829
 313           31.91891892         -2.80241322         29.14059801
 314           32.01801802         -2.80389696         29.13817502
 315           32.11711712         -2.80529248         29.13582813
 316           32.21621622         -2.80660089         29.13355615
 317           32.31531532         -2.80782324         29.13135791
 318           32.41441441         -2.80896060         29.12923223
 319           32.51351351         -2.81001405         29.12717795
 320           32.61261261         -2.81098463         29.12519391
 321           32.71171171         -2.81187339         29.12327896
 322           32.81081081         -2.81268137         29.12143196
 323           32.90990991         -2.81340959         29.11965178
 324           33.00900901         -2.81405908         29.11793729
 325           33.10810811         -2.81463086         29.11628737
 326           33.20720721         -2.81512594         29.11470092
 327           33.30630631         -2.81554531         29.11317683
 328           33.40540541         -2.81588996         29.11171401
 329           33.50450450         -2.81616088         29.11031137
 330           33.60360360         -2.81635905         29.10896784
 331           33.70270270         -2.81648544         29.10768234
 332           33.80180180         -2.81654100         29.10645382
 333           33.90090090         -2.81652669         29.10528123
 334           34.00000000         -2.81644346         29.10416351
 335           34.09909910         -2.81629224         29.10309962
 336           34.19819820         -2.81607397         29.10208855
 337           34.29729730         -2.81578956         29.10112927
 338           34.39639640         -2.81543994         29.10022076
 339           34.49549550         -2.81502601         29.09936203
 340           34.59459459         -2.81454866         29.09855207
 341           34.69369369         -2.81400880         29.09778990
 342           34.79279279         -2.81340730         29.09707454
 343           34.89189189         -2.81274504         29.09640502
 344           34.99099099         -2.81202289         29.09578036
 345           35.09009009         -2.81124172         29.09519963
 346           35.18918919         -2.81040237         29.09466186
 347           35.28828829         -2.80950569         29.09416612
 348           35.38738739         -2.80855252         29.09371148
 349           35.48648649         -2.80754370         29.09329702
 350           35.58558559         -2.80648004         29.09292182
 351           35.68468468         -2.80536236         29.09258497
 352           35.78378378         -2.80419147         29.09228558
 353           35.88288288         -2.80296817         29.09202276
 354           35.98198198         -2.80169325         29.09179562
 355           36.08108108         -2.80036751         29.09160329
 356           36.18018018         -2.79899172         29.09144491
 357           36.27927928         -2.79756665         29.09131961
 358           36.37837838         -2.79609306         29.09122655
 359           36.47747748         -2.79457172         29.09116488
 360           36.57657658         -2.79300337         29.09113377
 361           36.67567568         -2.79138875         29.09113239
 362           36.77477477         -2.78972861         29.09115993
 363           36.87387387         -2.78802366         29.09121558
 364           36.97297297         -2.78627464         29.09129853
 365           37.07207207         -2.78448225         29.09140799
 366           37.17117117         -2.78264720         29.09154318
 367           37.27027027         -2.78077020         29.09170331
 368           37.36936937         -2.77885193         29.09188762
 369           37.46846847         -2.77689307         29.09209534
 370           37.56756757         -2.77489432         29.09232571
 371           37.66666667         -2.77285634         29.09257800
 372           37.76576577         -2.77077980         29.09285146
 373           37.86486486         -2.76866536         29.09314535
 374           37.96396396         -2.76651366         29.09345897
 375           38.06306306         -2.76432536         29.09379158
 376           38.16216216         -2.76210109         29.09414248
 377           38.26126126         -2.75984148         29.09451097
 378           38.36036036         -2.75754716         29.09489636
 379           38.45945946         -2.75521875         29.09529795
 380           38.55855856         -2.75285686         29.09571508
 381           38.65765766         -2.75046209         29.09614707
 382           38.75675676         -2.74803505         29.09659325
 383           38.85585586         -2.74557633         29.09705298
 384           38.95495495         -2.74308651         29.09752559
 385           39.05405405         -2.74056617         29.09801046
 386           39.15315315         -2.73801589         29.09850694
 387           39.25225225         -2.73543624         29.09901441
 388           39.35135135         -2.73282777         29.09953225
 389           39.45045045         -2.73019104         29.10005985
 390           39.54954955         -2.72752661         29.10059660
 391           39.64864865         -2.72483501         29.10114190
 392           39.74774775         -2.72211677         29.10169516
 393           39.84684685         -2.71937245         29.10225581
 394           39.94594595         -2.71660254         29.10282325
 395           40.04504505         -2.71380759         29.10339692
 396           40.14414414         -2.71098809         29.10397627
 397           40.24324324         -2.70814455         29.10456072
 398           40.34234234         -2.70527749         29.10514974
 399           40.44144144         -2.70238739         29.10574278
 400           40.54054054         -2.69947474         29.10633930
 401           40.63963964         -2.69654003         29.10693878
 402           40.73873874         -2.69358374         29.10754069
 403           40.83783784         -2.69060634         29.10814451
 404           40.93693694         -2.68760830         29.10874975
 405           41.03603604         -2.68459008         29.10935589
 406           41.13513514         -2.68155213         29.10996244
 407           41.23423423         -2.67849492         29.11056891
 408           41.33333333         -2.67541887         29.11117482
 409           41.43243243         -2.67232445         29.11177970
 410           41.53153153         -2.66921208         29.11238306
 411           41.63063063         -2.66608218         29.11298445
 412           41.72972973         -2.66293520         29.11358341
 413           41.82882883         -2.65977154         29.11417949
 414           41.92792793         -2.65659162         29.11477224
 415           42.02702703         -2.65339586         29.11536123
 416           42.12612613         -2.65018465         29.11594602
 417           42.22522523         -2.64695839         29.11652619
 418           42.32432432         -2.64371749         29.11710131
 419           42.42342342         -2.64046232         29.11767097
 420           42.52252252         -2.63719329         29.11823477
 421           42.62162162         -2.63391076         29.11879229
 422           42.72072072         -2.63061511         29.11934315
 423           42.81981982         -2.62730671         29.11988695
 424           42.91891892         -2.62398593         29.12042331
 425           43.01801802         -2.62065313         29.12095184
 426           43.11711712         -2.61730867         29.12147217
 427           43.21621622         -2.61395290         29.12198395
 428           43.31531532         -2.61058616         29.12248679
 429           43.41441441         -2.60720880         29.12298035
 430           43.51351351         -2.60382117         29.12346428
 431           43.61261261         -2.60042358         29.12393822
 432           43.71171171         -2.59701638         29.12440185
 433           43.81081081         -2.59359989         29.12485482
 434           43.90990991         -2.59017444         29.12529680
 435           44.00900901         -2.58674032         29.12572747
 436           44.10810811         -2.58329787         29.12614652
 437           44.20720721         -2.57984739         29.12655362
 438           44.30630631         -2.57638919         29.12694847
 439           44.40540541         -2.57292356         29.12733076
 440           44.50450450         -2.56945080         29.12770021
 441           44.60360360         -2.56597121         29.12805651
 442           44.70270270         -2.56248507         29.12839937
 443           44.80180180         -2.55899267         29.12872852
 444           44.90090090         -2.55549429         29.12904367
 445           45.00000000         -2.55199020         29.12934455
 446           45.09909910         -2.54848069         29.12963090
 447           45.19819820         -2.54496601         29.12990244
 448           45.29729730         -2.54144643         29.13015893
 449           45.39639640         -2.53792222         29.13040010
 450           45.49549550         -2.53439364         29.13062570
 451           45.59459459         -2.53086093         29.13083550
 452           45.69369369         -2.52732436         29.13102926
 453           45.79279279         -2.52378416         29.13120672
 454           45.89189189         -2.52024058         29.13136768
 455           45.99099099         -2.51669386         29.13151189
 456           46.09009009         -2.51314424         29.13163914
 457           46.18918919         -2.50959196         29.13174920
 458           46.28828829         -2.50603723         29.13184188
 459           46.38738739         -2.50248029         29.13191694
 460           46.48648649         -2.49892137         29.13197420
 461           46.58558559         -2.49536068         29.13201345
 462           46.68468468         -2.49179844         29.13203450
 463           46.78378378         -2.48823486         29.13203715
 464           46.88288288         -2.48467015         29.13202121
 465           46.98198198         -2.48110453         29.13198650
 466           47.08108108         -2.47753819         29.13193285
 467           47.18018018         -2.47397133         29.13186006
 468           47.27927928         -2.47040416         29.13176798
 469           47.37837838         -2.46683687         29.13165644
 470           47.47747748         -2.46326965         29.13152527
 471           47.57657658         -2.45970269         29.13137430
 472           47.67567568         -2.45613618         29.13120339
 473           47.77477477         -2.45257030         29.13101238
 474           47.87387387         -2.44900523         29.13080113
 475           47.97297297         -2.44544115         29.13056948
 476           48.07207207         -2.44187823         29.13031729
 477           48.17117117         -2.43831665         29.13004444
 478           48.27027027         -2.43475657         29.12975077
 479           48.36936937         -2.43119816         29.12943617
 480           48.46846847         -2.42764158         29.12910050
 481           48.56756757         -2.42408701         29.12874365
 482           48.66666667         -2.42053458         29.12836548
 483           48.76576577         -2.41698447         29.12796589
 484           48.86486486         -2.41343682         29.12754476
 485           48.96396396         -2.40989179         29.12710198
 486           49.06306306         -2.40634952         29.12663744
 487           49.16216216         -2.40281016         29.12615103
 488           49.26126126         -2.39927386         29.12564267
 489           49.36036036         -2.39574075         29.12511224
 490           49.45945946         -2.39221097         29.12455967
 491           49.55855856         -2.38868466         29.12398484
 492           49.65765766         -2.38516195         29.12338769
 493           49.75675676         -2.38164298         29.12276812
 494           49.85585586         -2.37812788         29.12212604
 495           49.95495495         -2.37461676         29.12146139
 496           50.05405405         -2.37110976         29.12077408
 497           50.15315315         -2.36760700         29.12006404
 498           50.25225225         -2.36410860         29.11933121
 499           50.35135135         -2.36061468         29.11857551
 500           50.45045045         -2.35712535         29.11779687
 501           50.54954955         -2.35364074         29.11699525
 502           50.64864865         -2.35016094         29.11617057
 503           50.74774775         -2.34668607         29.11532278
 504           50.84684685         -2.34321624         29.11445183
 505           50.94594595         -2.33975155         29.11355767
 506           51.04504505         -2.33629211         29.11264024
 507           51.14414414         -2.33283802         29.11169951
 508           51.24324324         -2.32938938         29.11073543
 509           51.34234234         -2.32594629         29.10974795
 510           51.44144144         -2.32250885         29.10873704
 511           51.54054054         -2.31907714         29.10770266
 512           51.63963964         -2.31565126         29.10664479
 513           51.73873874         -2.31223131         29.10556338
 514           51.83783784         -2.30881736         29.10445841
 515           51.93693694         -2.30540951         29.10332986
 516           52.03603604         -2.30200785         29.10217769
 517           52.13513514         -2.29861245         29.10100189
 518           52.23423423         -2.29522341         29.09980244
 519           52.33333333         -2.29184079         29.09857932
 520           52.43243243         -2.28846467         29.09733251
 521           52.53153153         -2.28509515         29.09606200
 522           52.63063063         -2.28173228         29.09476779
 523           52.72972973         -2.27837614         29.09344985
 524           52.82882883         -2.27502681         29.09210820
 525           52.92792793         -2.27168436         29.09074281
 526           53.02702703         -2.26834885         29.08935368
 527           53.12612613         -2.26502035         29.08794083
 528           53.22522523         -2.26169893         29.08650424
 529           53.32432432         -2.25838465         29.08504392
 530           53.42342342         -2.25507758         29.08355988
 531           53.52252252         -2.25177777         29.08205212
 532           53.62162162         -2.24848529         29.08052066
 533           53.72072072         -2.24520020         29.07896549
 534           53.81981982         -2.24192255         29.07738664
 535           53.91891892         -2.23865239         29.07578412
 536           54.01801802         -2.23538979         29.07415794
 537           54.11711712         -2.23213480         29.07250813
 538           54.21621622         -2.22888746         29.07083469
 539           54.31531532         -2.22564783         29.06913766
 540           54.41441441         -2.22241596         29.06741705
 541           54.51351351         -2.21919189         29.06567289
 542           54.61261261         -2.21597568         29.06390521
 543           54.71171171         -2.21276736         29.06211403
 544           54.81081081         -2.20956699         29.06029938
 545           54.90990991         -2.20637460         29.05846130
 546           55.00900901         -2.20319024         29.05659981
 547           55.10810811         -2.20001394         29.05471494
 548           55.20720721         -2.19684575         29.05280674
 549           55.30630631         -2.19368571         29.05087524
 550           55.40540541         -2.19053385         29.04892047
 551           55.50450450         -2.18739021         29.04694248
 552           55.60360360         -2.18425482         29.04494131
 553           55.70270270         -2.18112772         29.04291699
 554           55.80180180         -2.17800894         29.04086958
 555           55.90090090         -2.17489851         29.03879911
 556           56.00000000         -2.17179646         29.03670564
 557           56.09909910         -2.16870283         29.03458920
 558           56.19819820         -2.16561764         29.03244985
 559           56.29729730         -2.16254092         29.03028764
 560           56.39639640         -2.15947269         29.02810261
 561           56.49549550         -2.15641299         29.02589483
 562           56.59459459         -2.15336183         29.02366434
 563           56.69369369         -2.15031925         29.02141119
 564           56.79279279         -2.14728525         29.01913545
 565           56.89189189         -2.14425988         29.01683716
 566           56.99099099         -2.14124314         29.01451639
 567           57.09009009         -2.13823506         29.01217320
 568           57.18918919         -2.13523565         29.00980763
 569           57.28828829         -2.13224494         29.00741977
 570           57.38738739         -2.12926295         29.00500965
 571           57.48648649         -2.12628968         29.00257736
 572           57.58558559         -2.12332516         29.00012295
 573           57.68468468         -2.12036940         28.99764648
 574           57.78378378         -2.11742242         28.99514803
 575           57.88288288         -2.11448423         28.99262766
 576           57.98198198         -2.11155484         28.99008543
 577           58.08108108         -2.10863426         28.98752141
 578           58.18018018         -2.10572252         28.98493568
 579           58.27927928         -2.10281961         28.98232829
 580           58.37837838         -2.09992554         28.97969933
 581           58.47747748         -2.09704033         28.97704887
 582           58.57657658         -2.09416399         28.97437697
 583           58.67567568         -2.09129652         28.97168371
 584           58.77477477         -2.08843793         28.96896916
 585           58.87387387         -2.08558822         28.96623339
 586           58.97297297         -2.08274741         28.96347649
 587           59.07207207         -2.07991549         28.96069853
 588           59.17117117         -2.07709248         28.95789958
 589           59.27027027         -2.07427837         28.95507973
 590           59.36936937         -2.07147317         28.95223904
 591           59.46846847         -2.06867688         28.94937760
 592           59.56756757         -2.06588951         28.94649549
 593           59.66666667         -2.06311105         28.94359279
 594           59.76576577         -2.06034151         28.94066957
 595           59.86486486         -2.05758088         28.93772592
 596           59.96396396         -2.05482917         28.93476192
 597           60.06306306         -2.05208637         28.93177765
 598           60.16216216         -2.04935249         28.92877320
 599           60.26126126         -2.04662752         28.92574864
 600           60.36036036         -2.04391146         28.92270406
 601           60.45945946         -2.04120431         28.91963955
 602           60.55855856         -2.03850606         28.91655519
 603           60.65765766         -2.03581671         28.91345106
 604           60.75675676         -2.03313625         28.91032726
 605           60.85585586         -2.03046469         28.90718386
 606           60.95495495         -2.02780201         28.90402095
 607           61.05405405         -2.02514820         28.90083863
 608           61.15315315         -2.02250327         28.89763697
 609           61.25225225         -2.01986721         28.89441607
 610           61.35135135         -2.01724001         28.89117601
 611           61.45045045         -2.01462165         28.88791688
 612           61.54954955         -2.01201214         28.88463877
 613           61.64864865         -2.00941146         28.88134177
 614           61.74774775         -2.00681961         28.87802597
 615           61.84684685         -2.00423657         28.87469146
 616           61.94594595         -2.00166234         28.87133832
 617           62.04504505         -1.99909691         28.86796666
 618           62.14414414         -1.99654026         28.86457656
 619           62.24324324         -1.99399239         28.86116811
 620           62.34234234         -1.99145328         28.85774140
 621           62.44144144         -1.98892292         28.85429653
 622           62.54054054         -1.98640131         28.85083358
 623           62.63963964         -1.98388842         28.84735265
 624           62.73873874         -1.98138424         28.84385383
 625           62.83783784         -1.97888877         28.84033722
 626           62.93693694         -1.97640199         28.83680290
 627           63.03603604         -1.97392388         28.83325097
 628           63.13513514         -1.97145444         28.82968152
 629           63.23423423         -1.96899364         28.82609465
 630           63.33333333         -1.96654147         28.82249045
 631           63.43243243         -1.96409793         28.81886901
 632           63.53153153         -1.96166298         28.81523043
 633           63.63063063         -1.95923662         28.81157479
 634           63.72972973         -1.95681884         28.80790221
 635           63.82882883         -1.95440961         28.80421276
 636           63.92792793         -1.95200891         28.80050654
 637           64.02702703         -1.94961674         28.79678366
 638           64.12612613         -1.94723308         28.79304419
 639           64.22522523         -1.94485791         28.78928825
 640           64.32432432         -1.94249120         28.78551591
 641           64.42342342         -1.94013296         28.78172728
 642           64.52252252         -1.93778314         28.77792246
 643           64.62162162         -1.93544175         28.77410153
 644           64.72072072         -1.93310876         28.77026460
 645           64.81981982         -1.93078415         28.76641175
 646           64.91891892         -1.92846790         28.76254308
 647           65.01801802         -1.92615999         28.75865869
 648           65.11711712         -1.92386041         28.75475867
 649           65.21621622         -1.92156914         28.75084313
 650           65.31531532         -1.91928615         28.74691214
 651           65.41441441         -1.91701143         28.74296581
 652           65.51351351         -1.91474496         28.73900424
 653           65.61261261         -1.91248671         28.73502752
 654           65.71171171         -1.91023667         28.73103574
 655           65.81081081         -1.90799482         28.72702900
 656           65.90990991         -1.90576113         28.72300739
 657           66.00900901         -1.90353559         28.71897102
 658           66.10810811         -1.90131817         28.71491997
 659           66.20720721         -1.89910886         28.71085434
 660           66.30630631         -1.89690763         28.70677422
 661           66.40540541         -1.89471445         28.70267972
 662           66.50450450         -1.89252932         28.69857092
 663           66.60360360         -1.89035220         28.69444792
 664           66.70270270         -1.88818308         28.69031081
 665           66.80180180         -1.88602194         28.68615969
 666           66.90090090         -1.88386875         28.68199466
 667           67.00000000         -1.88172348         28.67781580
 668           67.09909910         -1.87958612         28.67362322
 669           67.19819820         -1.87745665         28.66941700
 670           67.29729730         -1.87533504         28.66519725
 671           67.39639640         -1.87322127         28.66096405
 672           67.49549550         -1.87111532         28.65671749
 673           67.59459459         -1.86901716         28.65245769
 674           67.69369369         -1.86692678         28.64818471
 675           67.79279279         -1.86484414         28.64389867
 676           67.89189189         -1.86276923         28.63959965
 677           67.99099099         -1.86070202         28.63528775
 678           68.09009009         -1.85864249         28.63096305
 679           68.18918919         -1.85659061         28.62662566
 680           68.28828829         -1.85454637         28.62227566
 681           68.38738739         -1.85250973         28.61791316
 682           68.48648649         -1.85048068         28.61353823
 683           68.58558559         -1.84845919         28.60915097
 684           68.68468468         -1.84644524         28.60475148
 685           68.78378378         -1.84443880         28.60033985
 686           68.88288288         -1.84243985         28.59591617
 687           68.98198198         -1.84044837         28.59148052
 688           69.08108108         -1.83846432         28.58703301
 689           69.18018018         -1.83648770         28.58257372
 690           69.27927928         -1.83451847         28.57810275
 691           69.37837838         -1.83255661         28.57362017
 692           69.47747748         -1.83060209         28.56912610
 693           69.57657658         -1.82865489         28.56462061
 694           69.67567568         -1.82671499         28.56010380
 695           69.77477477         -1.82478236         28.55557575
 696           69.87387387         -1.82285698         28.55103655
 697           69.97297297         -1.82093882         28.54648631
 698           70.07207207         -1.81902786         28.54192509
 699           70.17117117         -1.81712408         28.53735300
 700           70.27027027         -1.81522744         28.53277013
 701           70.36936937         -1.81333793         28.52817655
 702           70.46846847         -1.81145552         28.52357236
 703           70.56756757         -1.80958019         28.51895766
 704           70.66666667         -1.80771190         28.51433251
 705           70.76576577         -1.80585065         28.50969702
 706           70.86486486         -1.80399639         28.50505127
 707           70.96396396         -1.80214911         28.50039535
 708           71.06306306         -1.80030879         28.49572934
 709           71.16216216         -1.79847539         28.49105334
 710           71.26126126         -1.79664890         28.48636742
 711           71.36036036         -1.79482928         28.48167168
 712           71.45945946         -1.79301652         28.47696620
 713           71.55855856         -1.79121058         28.47225106
 714           71.65765766         -1.78941145         28.46752635
 715           71.75675676         -1.78761910         28.46279216
 716           71.85585586         -1.78583350         28.45804857
 717           71.95495495         -1.78405464         28.45329567
 718           72.05405405         -1.78228247         28.44853353
 719           72.15315315         -1.78051699         28.44376225
 720           72.25225225         -1.77875817         28.43898191
 721           72.35135135         -1.77700597         28.43419259
 722           72.45045045         -1.77526038         28.42939438
 723           72.54954955         -1.77352137         28.42458735
 724           72.64864865         -1.77178892         28.41977159
 725           72.74774775         -1.77006301         28.41494718
 726           72.84684685         -1.76834359         28.41011421
 727           72.94594595         -1.76663067         28.40527275
 728           73.04504505         -1.76492420         28.40042289
 729           73.14414414         -1.76322416         28.39556471
 730           73.24324324         -1.76153053         28.39069829
 731           73.34234234         -1.75984329         28.38582371
 732           73.44144144         -1.75816241         28.38094105
 733           73.54054054         -1.75648786         28.37605039
 734           73.63963964         -1.75481963         28.37115182
 735           73.73873874         -1.75315768         28.36624540
 736           73.83783784         -1.75150199         28.36133122
 737           73.93693694         -1.74985254         28.35640936
 738           74.03603604         -1.74820931         28.35147989
 739           74.13513514         -1.74657226         28.34654290
 740           74.23423423         -1.74494138         28.34159846
 741           74.33333333         -1.74331664         28.33664665
 742           74.43243243         -1.74169802         28.33168755
 743           74.53153153         -1.74008549         28.32672124
 744           74.63063063         -1.73847903         28.32174778
 745           74.72972973         -1.73687861         28.31676726
 746           74.82882883         -1.73528421         28.31177976
 747           74.92792793         -1.73369581         28.30678535
 748           75.02702703         -1.73211339         28.30178409
 749           75.12612613         -1.73053691         28.29677608
 750           75.22522523         -1.72896635         28.29176139
 751           75.32432432         -1.72740169         28.28674008
 752           75.42342342         -1.72584292         28.28171224
 753           75.52252252         -1.72428999         28.27667793
 754           75.62162162         -1.72274290         28.27163724
 755           75.72072072         -1.72120161         28.26659023
 756           75.81981982         -1.71966610         28.26153698
 757           75.91891892         -1.71813635         28.25647755
 758           76.01801802         -1.71661234         28.25141203
 759           76.11711712         -1.71509404         28.24634048
 760           76.21621622         -1.71358143         28.24126298
 761           76.31531532         -1.71207448         28.23617960
 762           76.41441441         -1.71057318         28.23109040
 763           76.51351351         -1.70907749         28.22599546
 764           76.61261261         -1.70758740         28.22089486
 765           76.71171171         -1.70610288         28.21578865
 766           76.81081081         -1.70462391         28.21067691
 767           76.90990991         -1.70315047         28.20555971
 768           77.00900901         -1.70168253         28.20043711
 769           77.10810811         -1.70022007         28.19530920
 770           77.20720721         -1.69876307         28.19017602
 771           77.30630631         -1.69731151         28.18503767
 772           77.40540541         -1.69586536         28.17989419
 773           77.50450450         -1.69442459         28.17474566
 774           77.60360360         -1.69298920         28.16959215
 775           77.70270270         -1.69155915         28.16443372
 776           77.80180180         -1.69013442         28.15927044
 777           77.90090090         -1.68871499         28.15410237
 778           78.00000000         -1.68730084         28.14892959
 779           78.09909910         -1.68589194         28.14375215
 780           78.19819820         -1.68448828         28.13857013
 781           78.29729730         -1.68308983         28.13338358
 782           78.39639640         -1.68169657         28.12819258
 783           78.49549550         -1.68030847         28.12299718
 784           78.59459459         -1.67892552         28.11779746
 785           78.69369369         -1.67754769         28.11259346
 786           78.79279279         -1.67617497         28.10738527
 787           78.89189189         -1.67480732         28.10217294
 788           78.99099099         -1.67344473         28.09695653
 789           79.09009009         -1.67208718         28.09173610
 790           79.18918919         -1.67073464         28.08651173
 791           79.28828829         -1.66938710         28.08128346
 792           79.38738739         -1.66804452         28.07605136
 793           79.48648649         -1.66670690         28.07081550
 794           79.58558559         -1.66537421         28.06557593
 795           79.68468468         -1.66404643         28.06033272
 796           79.78378378         -1.66272353         28.05508592
 797           79.88288288         -1.66140550         28.04983559
 798           79.98198198         -1.66009231         28.04458180
 799           80.08108108         -1.65878395         28.03932460
 800           80.18018018         -1.65748039         28.03406406
 801           80.27927928         -1.65618161         28.02880022
 802           80.37837838         -1.65488760         28.02353316
 803           80.47747748         -1.65359832         28.01826292
 804           80.57657658         -1.65231377         28.01298956
 805           80.67567568         -1.65103392         28.00771315
 806           80.77477477         -1.64975874         28.00243374
 807           80.87387387         -1.64848823         27.99715139
 808           80.97297297         -1.64722235         27.99186615
 809           81.07207207         -1.64596110         27.98657807
 810           81.17117117         -1.64470444         27.98128722
 811           81.27027027         -1.64345236         27.97599366
 812           81.36936937         -1.64220484         27.97069743
 813           81.46846847         -1.64096186         27.96539859
 814           81.56756757         -1.63972339         27.96009719
 815           81.66666667         -1.63848943         27.95479330
 816           81.76576577         -1.63725995         27.94948696
 817           81.86486486         -1.63603492         27.94417823
 818           81.96396396         -1.63481434         27.93886716
 819           82.06306306         -1.63359817         27.93355380
 820           82.16216216         -1.63238641         27.92823821
 821           82.26126126         -1.63117903         27.92292045
 822           82.36036036         -1.62997601         27.91760055
 823           82.45945946         -1.62877734         27.91227858
 824           82.55855856         -1.62758299         27.90695458
 825           82.65765766         -1.62639295         27.90162861
 826           82.75675676         -1.62520719         27.89630073
 827           82.85585586         -1.62402570         27.89097097
 828           82.95495495         -1.62284846         27.88563938
 829           83.05405405         -1.62167545         27.88030603
 830           83.15315315         -1.62050665         27.87497096
 831           83.25225225         -1.61934204         27.86963422
 832           83.35135135         -1.61818161         27.86429586
 833           83.45045045         -1.61702533         27.85895593
 834           83.54954955         -1.61587319         27.85361447
 835           83.64864865         -1.61472517         27.84827154
 836           83.74774775         -1.61358125         27.84292718
 837           83.84684685         -1.61244141         27.83758144
 838           83.94594595         -1.61130564         27.83223437
 839           84.04504505         -1.61017391         27.82688602
 840           84.14414414         -1.60904621         27.82153643
 841           84.24324324         -1.60792253         27.81618566
 842           84.34234234         -1.60680283         27.81083373
 843           84.44144144         -1.60568711         27.80548071
 844           84.54054054         -1.60457535         27.80012664
 845           84.63963964         -1.60346753         27.79477157
 846           84.73873874         -1.60236363         27.78941553
 847           84.83783784         -1.60126364         27.78405858
 848           84.93693694         -1.60016753         27.77870076
 849           85.03603604         -1.59907530         27.77334211
 850           85.13513514         -1.59798691         27.76798268
 851           85.23423423         -1.59690237         27.76262251
 852           85.33333333         -1.59582164         27.75726165
 853           85.43243243         -1.59474471         27.75190014
 854           85.53153153         -1.59367157         27.74653802
 855           85.63063063         -1.59260220         27.74117534
 856           85.72972973         -1.59153657         27.73581214
 857           85.82882883         -1.59047469         27.73044845
 858           85.92792793         -1.58941652         27.72508433
 859           86.02702703         -1.58836205         27.71971981
 860           86.12612613         -1.58731127         27.71435494
 861           86.22522523         -1.58626415         27.70898976
 862           86.32432432         -1.58522069         27.70362431
 863           86.42342342         -1.58418086         27.69825862
 864           86.52252252         -1.58314465         27.69289275
 865           86.62162162         -1.58211205         27.68752672
 866           86.72072072         -1.58108303         27.68216059
 867           86.81981982         -1.58005759         27.67679438
 868           86.91891892         -1.57903570         27.67142815
 869           87.01801802         -1.57801735         27.66606192
 870           87.11711712         -1.57700252         27.66069574
 871           87.21621622         -1.57599120         27.65532965
 872           87.31531532         -1.57498338         27.64996368
 873           87.41441441         -1.57397903         27.64459788
 874           87.51351351         -1.57297814         27.63923227
 875           87.61261261         -1.57198070         27.63386691
 876           87.71171171         -1.57098668         27.62850182
 877           87.81081081         -1.56999609         27.62313704
 878           87.90990991         -1.56900889         27.61777262
 879           88.00900901         -1.56802508         27.61240858
 880           88.10810811         -1.56704463         27.60704496
 881           88.20720721         -1.56606754         27.60168181
 882           88.30630631         -1.56509379         27.59631915
 883           88.40540541         -1.56412337         27.59095702
 884           88.50450450         -1.56315625         27.58559546
 885           88.60360360         -1.56219243         27.58023450
 886           88.70270270         -1.56123189         27.57487418
 887           88.80180180         -1.56027462         27.56951453
 888           88.90090090         -1.55932060         27.56415559
 889           89.00000000         -1.55836981         27.55879739
 890           89.09909910         -1.55742225         27.55343997
 891           89.19819820         -1.55647789         27.54808335
 892           89.29729730         -1.55553672         27.54272758
 893           89.39639640         -1.55459874         27.53737268
 894           89.49549550         -1.55366392         27.53201869
 895           89.59459459         -1.55273225         27.52666564
 896           89.69369369         -1.55180372         27.52131357
 897           89.79279279         -1.55087831         27.51596251
 898           89.89189189         -1.54995601         27.51061248
 899           89.99099099         -1.54903680         27.50526353
 900           90.09009009         -1.54812068         27.49991568
 901           90.18918919         -1.54720762         27.49456897
 902           90.28828829         -1.54629762         27.48922342
 903           90.38738739         -1.54539066         27.48387907
 904           90.48648649         -1.54448672         27.47853594
 905           90.58558559         -1.54358580         27.47319408
 906           90.68468468         -1.54268788         27.46785351
 907           90.78378378         -1.54179294         27.46251425
 908           90.88288288         -1.54090098         27.45717635
 909           90.98198198         -1.54001198         27.45183982
 910           91.08108108         -1.53912592         27.44650471
 911           91.18018018         -1.53824280         27.44117103
 912           91.27927928         -1.53736260         27.43583882
 913           91.37837838         -1.53648530         27.43050811
 914           91.47747748         -1.53561090         27.42517892
 915           91.57657658         -1.53473939         27.41985129
 916           91.67567568         -1.53387074         27.41452524
 917           91.77477477         -1.53300495         27.40920080
 918           91.87387387         -1.53214200         27.40387800
 919           91.97297297         -1.53128188         27.39855686
 920           92.07207207         -1.53042458         27.39323742
 921           92.17117117         -1.52957009         27.38791970
 922           92.27027027         -1.52871839         27.38260373
 923           92.36936937         -1.52786947         27.37728953
 924           92.46846847         -1.52702332         27.37197714
 925           92.56756757         -1.52617993         27.36666657
 926           92.66666667         -1.52533929         27.36135786
 927           92.76576577         -1.52450137         27.35605103
 928           92.86486486         -1.52366618         27.35074610
 929           92.96396396         -1.52283369         27.34544311
 930           93.06306306         -1.52200390         27.34014208
 931           93.16216216         -1.52117679         27.33484302
 932           93.26126126         -1.52035236         27.32954598
 933           93.36036036         -1.51953059         27.32425097
 934           93.45945946         -1.51871146         27.31895802
 935           93.55855856         -1.51789498         27.31366715
 936           93.65765766         -1.51708112         27.30837839
 937           93.75675676         -1.51626987         27.30309176
 938           93.85585586         -1.51546123         27.29780728
 939           93.95495495         -1.51465517         27.29252499
 940           94.05405405         -1.51385170         27.28724489
 941           94.15315315         -1.51305080         27.28196702
 942           94.25225225         -1.51225245         27.27669140
 943           94.35135135         -1.51145665         27.27141806
 944           94.45045045         -1.51066338         27.26614701
 945           94.54954955         -1.50987264         27.26087827
 946           94.64864865         -1.50908440         27.25561188
 947           94.74774775         -1.50829868         27.25034785
 948           94.84684685         -1.50751544         27.24508621
 949           94.94594595         -1.50673468         27.23982697
 950           95.04504505         -1.50595639         27.23457016
 951           95.14414414         -1.50518055         27.22931580
 952           95.24324324         -1.50440717         27.22406392
 953           95.34234234         -1.50363622         27.21881453
 954           95.44144144         -1.50286769         27.21356765
 955           95.54054054         -1.50210159         27.20832331
 956           95.63963964         -1.50133788         27.20308152
 957           95.73873874         -1.50057657         27.19784231
 958           95.83783784         -1.49981765         27.19260570
 959           95.93693694         -1.49906110         27.18737171
 960           96.03603604         -1.49830691         27.18214035
 961           96.13513514         -1.49755507         27.17691165
 962           96.23423423         -1.49680557         27.17168563
 963           96.33333333         -1.49605841         27.16646231
 964           96.43243243         -1.49531357         27.16124170
 965           96.53153153         -1.49457105         27.15602383
 966           96.63063063         -1.49383082         27.15080871
 967           96.72972973         -1.49309289         27.14559637
 968           96.82882883         -1.49235723         27.14038682
 969           96.92792793         -1.49162385         27.13518009
 970           97.02702703         -1.49089274         27.12997618
 971           97.12612613         -1.49016387         27.12477512
 972           97.22522523         -1.48943725         27.11957693
 973           97.32432432         -1.48871286         27.11438162
 974           97.42342342         -1.48799070         27.10918922
 975           97.52252252         -1.48727074         27.10399973
 976           97.62162162         -1.48655300         27.09881319
 977           97.72072072         -1.48583745         27.09362960
 978           97.81981982         -1.48512408         27.08844898
 979           97.91891892         -1.48441289         27.08327135
 980           98.01801802         -1.48370386         27.07809673
 981           98.11711712         -1.48299699         27.07292513
 982           98.21621622         -1.48229227         27.06775657
 983           98.31531532         -1.48158969         27.06259107
 984           98.41441441         -1.48088924         27.05742864
 985           98.51351351         -1.48019091         27.05226930
 986           98.61261261         -1.47949469         27.04711307
 987           98.71171171         -1.47880057         27.04195995
 988           98.81081081         -1.47810855         27.03680998
 989           98.90990991         -1.47741861         27.03166316
 990           99.00900901         -1.47673074         27.02651950
 991           99.10810811         -1.47604495         27.02137903
 992           99.20720721         -1.47536120         27.01624176
 993           99.30630631         -1.47467951         27.01110770
 994           99.40540541         -1.47399986         27.00597688
 995           99.50450450         -1.47332224         27.00084929
 996           99.60360360         -1.47264664         26.99572497
 997           99.70270270         -1.47197306         26.99060392
 998           99.80180180         -1.47130148         26.98548615
 999           99.90090090         -1.47063190         26.98037169
1000          100.00000000         -1.46996431         26.97526054
 1          100.00000000         -1.46996571         26.97525684
   2          109.09090909         -1.41617755         26.52199396
   3          118.18181818         -1.37398878         26.10320288
   4          127.27272727         -1.34000622         25.72063131
   5          136.36363636         -1.31201784         25.37315028
   6          145.45454545         -1.28853909         25.05827554
   7          154.54545455         -1.26854182         24.77301144
   8          163.63636364         -1.25129214         24.51429670
   9          172.72727273         -1.23625173         24.27922467
  10          181.81818182         -1.22301615         24.06513958
  11          190.90909091         -1.21127524         23.86966657
  12          200.00000000         -1.20078683         23.69070791
  13          209.09090909         -1.19135889         23.52642335
  14          218.18181818         -1.18283708         23.37520403
  15          227.27272727         -1.17509583         23.23564522
  16          236.36363636         -1.16803191         23.10652021
  17          245.45454545         -1.16155963         22.98675658
  18          254.54545455         -1.15560724         22.87541521
  19          263.63636364         -1.15011419         22.77167190
  20          272.72727273         -1.14502900         22.67480163
  21          281.81818182         -1.14030765         22.58416494
  22          290.90909091         -1.13591225         22.49919640
  23          300.00000000         -1.13181001         22.41939462
  24          309.09090909         -1.12797239         22.34431387
  25          318.18181818         -1.12437449         22.27355679
  26          327.27272727         -1.12099445         22.20676824
  27          336.36363636         -1.11781300         22.14362999
  28          345.45454545         -1.11481312         22.08385616
  29          354.54545455         -1.11197971         22.02718932
  30          363.63636364         -1.10929931         21.97339713
  31          372.72727273         -1.10675991         21.92226940
  32          381.81818182         -1.10435074         21.87361559
  33          390.90909091         -1.10206208         21.82726265
  34          400.00000000         -1.09988516         21.78305309
   1          400.00000000         -1.09989794         21.78302913
   2          410.16949153         -1.09758533         21.73593791
   3          420.33898305         -1.09539218         21.69116734
   4          430.50847458         -1.09330946         21.64855187
   5          440.67796610         -1.09132900         21.60794107
   6          450.84745763         -1.08944347         21.56919808
   7          461.01694915         -1.08764606         21.53219871
   8          471.18644068         -1.08593095         21.49682762
   9          481.35593220         -1.08429249         21.46298114
  10          491.52542373         -1.08272567         21.43056350
  11          501.69491525         -1.08122585         21.39948682
  12          511.86440678         -1.07978885         21.36967007
  13          522.03389831         -1.07841078         21.34103876
  14          532.20338983         -1.07708809         21.31352397
  15          542.37288136         -1.07581749         21.28706203
  16          552.54237288         -1.07459597         21.26159407
  17          562.71186441         -1.07342071         21.23706538
  18          572.88135593         -1.07228916         21.21342529
  19          583.05084746         -1.07119891         21.19062657
  20          593.22033898         -1.07014771         21.16862532
  21          603.38983051         -1.06913350         21.14738071
  22          613.55932203         -1.06815437         21.12685447
  23          623.72881356         -1.06720851         21.10701099
  24          633.89830508         -1.06629423         21.08781696
  25          644.06779661         -1.06540998         21.06924106
  26          654.23728814         -1.06455427         21.05125414
  27          664.40677966         -1.06372576         21.03382874
  28          674.57627119         -1.06292315         21.01693899
  29          684.74576271         -1.06214522         21.00056085
  30          694.91525424         -1.06139085         20.98467137
  31          705.08474576         -1.06065898         20.96924917
  32          715.25423729         -1.05994856         20.95427407
  33          725.42372881         -1.05925871         20.93972683
  34          735.59322034         -1.05858851         20.92558961
  35          745.76271186         -1.05793714         20.91184530
  36          755.93220339         -1.05730377         20.89847776
  37          766.10169492         -1.05668776         20.88547181
  38          776.27118644         -1.05608828         20.87281310
  39          786.44067797         -1.05550477         20.86048774
  40          796.61016949         -1.05493656         20.84848289
  41          806.77966102         -1.05438308         20.83678620
  42          816.94915254         -1.05384376         20.82538603
  43          827.11864407         -1.05331805         20.81427119
  44          837.28813559         -1.05280551         20.80343108
  45          847.45762712         -1.05230564         20.79285565
  46          857.62711864         -1.05181800         20.78253529
  47          867.79661017         -1.05134217         20.77246094
  48          877.96610169         -1.05087770         20.76262386
  49          888.13559322         -1.05042431         20.75301559
  50          898.30508475         -1.04998150         20.74362847
  51          908.47457627         -1.04954903         20.73445474
  52          918.64406780         -1.04912651         20.72548726
  53          928.81355932         -1.04871364         20.71671910
  54          938.98305085         -1.04831009         20.70814374
  55          949.15254237         -1.04791558         20.69975478
  56          959.32203390         -1.04752977         20.69154626
  57          969.49152542         -1.04715247         20.68351241
  58          979.66101695         -1.04678327         20.67564781
  59          989.83050847         -1.04642198         20.66794712
  60         1000.00000000         -1.04606825         20.66040545
   1         1000.00000000         -1.04609696         20.66035105
   2         1111.11111111         -1.04266171         20.58707617
   3         1222.22222222       3092.69039319       3092.72641519
   4         1333.33333333         -1.03753966         20.47761058
   5         1444.44444444         -1.03557663         20.43566172
   6         1555.55555556         -1.03389503         20.39977522
   7         1666.66666667         -1.03243686         20.36873357
   8         1777.77777778         -1.03115868         20.34161801
   9         1888.88888889         -1.03003107         20.31772663
  10         2000.00000000         -1.02903188         20.29651041
   1         2000.00000000         -1.02905299         20.29646909
   2         2333.33333333         -1.02662697         20.24504713
   3         2666.66666667         -1.02482829         20.20653747
   4         3000.00000000         -1.02300148         20.17746939
   5         3333.33333333         -1.01971818         20.15776614
   6         3666.66666667         -1.01309239         20.14929927
   7         4000.00000000         -1.00169141         20.15366346
   8         4333.33333333         -0.98542246         20.17031927
   9         4666.66666667         -0.96576582         20.19589243
  10         5000.00000000         -0.94528782         20.22497904

