   1       0.0004191325632     3.9977869315592
   2       0.2413813047216    -0.8551469892978
   3       0.4823434768800    -0.4424244324136
   4       0.7233056490384    -0.1443656726574
   5       0.9642678211968     0.1088883159582
   6       1.2052299933551     0.3319008701709
   7       1.4461921655135     0.5311570329583
   8       1.6871543376719     0.7108116166337
   9       1.9281165098303     0.8737428716701
  10       2.1690786819887     1.0221243609250
  11       2.4100408541471     1.1577353763278
  12       2.6510030263054     1.2820842441170
  13       2.8919651984638     1.3964627073951
  14       3.1329273706222     1.5019865970799
  15       3.3738895427806     1.5995989711051
  16       3.6148517149390     1.6901325490333
  17       3.8558138870973     1.7743057889857
  18       4.0967760592557     1.8527445385031
  19       4.3377382314141     1.9259986733547
  20       4.5787004035725     1.9945510975561
  21       4.8196625757309     2.0588282937431
  22       5.0606247478892     2.1192079884819
  23       5.3015869200476     2.1760258324925
  24       5.5425490922060     2.2295809625342
  25       5.7835112643644     2.2801406425528
  26       6.0244734365228     2.3279444438232
  27       6.2654356086811     2.3732075379582
  28       6.5063977808395     2.4161237116382
  29       6.7473599529979     2.4568679240397
  30       6.9883221251563     2.4955984450058
  31       7.2292842973147     2.5324588288264
  32       7.4702464694730     2.5675794888443
  33       7.7112086416314     2.6010791970186
  34       7.9521708137898     2.6330662738659
  35       8.1931329859482     2.6636397769401
  36       8.4340951581066     2.6928903199437
  37       8.6750573302649     2.7209010762511
  38       8.9160195024233     2.7477484230600
  39       9.1569816745817     2.7735026741468
  40       9.3979438467401     2.7982285663104
  41       9.6389060188985     2.8219859163545
  42       9.8798681910569     2.8448299621783
  43      10.1208303632152     2.8668118935597
  44      10.3617925353736     2.8879792849343
  45      10.6027547075320     2.9083763297772
  46      10.8437168796904     2.9280431868671
  47      11.0846790518488     2.9470181364336
  48      11.3256412240071     2.9653373762910
  49      11.5666033961655     2.9830340526105
  50      11.8075655683239     3.0001391431000
  51      12.0485277404823     3.0166817712579
  52      12.2894899126407     3.0326892695566
  53      12.5304520847990     3.0481873013715
  54      12.7714142569574     3.0632000087011
  55      13.0123764291158     3.0777501390970
  56      13.2533386012742     3.0918591228632
  57      13.4943007734326     3.1055471553194
  58      13.7352629455909     3.1188333548186
  59      13.9762251177493     3.1317357312830
  60      14.2171872899077     3.1442713564436
  61      14.4581494620661     3.1564563665074
  62      14.6991116342245     3.1683060079507
  63      14.9400738063828     3.1798347394685
  64      15.1810359785412     3.1910562228203
  65      15.4219981506996     3.2019834344241
  66      15.6629603228580     3.2126285931374
  67      15.9039224950164     3.2230033142802
  68      16.1448846671747     3.2331185602518
  69      16.3858468393331     3.2429847247925
  70      16.6268090114915     3.2526116380551
  71      16.8677711836499     3.2620085836445
  72      17.1087333558083     3.2711843245226
  73      17.3496955279666     3.2801471809908
  74      17.5906577001250     3.2889049581771
  75      17.8316198722834     3.2974650838011
  76      18.0725820444418     3.3058345352718
  77      18.3135442166002     3.3140199061243
  78      18.5545063887585     3.3220274173176
  79      18.7954685609169     3.3298629657607
  80      19.0364307330753     3.3375320821906
  81      19.2773929052337     3.3450400060354
  82      19.5183550773921     3.3523916825704
  83      19.7593172495504     3.3595917834694
  84      20.0002794217088     3.3666447233896
  85      20.2412415938672     3.3735546930558
  86      20.4822037660256     3.3803256326956
  87      20.7231659381839     3.3869612967648
  88      20.9641281103423     3.3934652580506
  89      21.2050902825007     3.3998408682254
  90      21.4460524546591     3.4060913777823
  91      21.6870146268175     3.4122198925326
  92      21.9279767989758     3.4182294439550
  93      22.1689389711342     3.4241220093951
  94      22.4099011432926     3.4299013377210
  95      22.6508633154510     3.4355695903867
  96      22.8918254876094     3.4411292617609
  97      23.1327876597677     3.4465827431314
  98      23.3737498319261     3.4519323468011
  99      23.6147120040845     3.4571803239065
 100      23.8556741762429     3.4623292978004
 101      24.0966363484013     3.4673802490181
 102      24.3375985205596     3.4723361028681
 103      24.5785606927180     3.4771987749382
 104      24.8195228648764     3.4819702080056
 105      25.0604850370348     3.4866523408319
 106      25.3014472091932     3.4912470826184
 107      25.5424093813515     3.4957563011637
 108      25.7833715535099     3.5001818612047
 109      26.0243337256683     3.5045255966174
 110      26.2652958978267     3.5087893002260
 111      26.5062580699851     3.5129747617646
 112      26.7472202421434     3.5170837674737
 113      26.9881824143018     3.5211145345584
 114      27.2291445864602     3.5250756644644
 115      27.4701067586186     3.5289655537414
 116      27.7110689307770     3.5327858981839
 117      27.9520311029353     3.5365384095913
 118      28.1929932750937     3.5402247762584
 119      28.4339554472521     3.5438466805756
 120      28.6749176194105     3.5474057771334
 121      28.9158797915689     3.5509037336374
 122      29.1568419637273     3.5543421957549
 123      29.3978041358856     3.5577227851825
 124      29.6387663080440     3.5610471364584
 125      29.8797284802024     3.5643168587732
 126      30.1206906523608     3.5675335471784
 127      30.3616528245192     3.5706987974641
 128      30.6026149966775     3.5738141668853
 129      30.8435771688359     3.5768812307931
 130      31.0845393409943     3.5799015298855
 131      31.3255015131527     3.5828765984411
 132      31.5664636853111     3.5858079538627
 133      31.8074258574695     3.5886970875150
 134      32.0483880296278     3.5915455030318
 135      32.2893502017862     3.5943546576319
 136      32.5303123739446     3.5971259962163
 137      32.7712745461030     3.5998609664635
 138      33.0122367182614     3.6025609698191
 139      33.2531988904198     3.6052273942368
 140      33.4941610625781     3.6078616336609
 141      33.7351232347365     3.6104650180394
 142      33.9760854068949     3.6130387624353
 143      34.2170475790533     3.6155845651469
 144      34.4580097512117     3.6181033335337
 145      34.6989719233701     3.6205964259713
 146      34.9399340955284     3.6230651028226
 147      35.1808962676868     3.6255105632202
 148      35.4218584398452     3.6279340028436
 149      35.6628206120036     3.6303365781070
 150      35.9037827841620     3.6327194219547
 151      36.1447449563203     3.6350836411147
 152      36.3857071284787     3.6374303191681
 153      36.6266693006371     3.6397604854659
 154      36.8676314727955     3.6420751875950
 155      37.1085936449539     3.6443753935738
 156      37.3495558171123     3.6466620753084
 157      37.5905179892706     3.6489361617997
 158      37.8314801614290     3.6511985467530
 159      38.0724423335874     3.6534501051755
 160      38.3134045057458     3.6556916549946
 161      38.5543666779042     3.6579240230767
 162      38.7953288500626     3.6601479602081
 163      39.0362910222209     3.6623642211337
 164      39.2772531943793     3.6645734974888
 165      39.5182153665377     3.6667764698333
 166      39.7591775386961     3.6689737770404
 167      40.0001397108545     3.6711660297008
 168      40.2411018830128     3.6733537861535
 169      40.4820640551712     3.6755375942180
 170      40.7230262273296     3.6777179653718
 171      40.9639883994880     3.6798953694299
 172      41.2049505716464     3.6820702406255
 173      41.4459127438048     3.6842429901346
 174      41.6868749159631     3.6864139952851
 175      41.9278370881215     3.6885835900699
 176      42.1687992602799     3.6907520920643
 177      42.4097614324383     3.6929197777483
 178      42.6507236045967     3.6950868911821
 179      42.8916857767551     3.6972536413371
 180      43.1326479489134     3.6994202186133
 181      43.3736101210718     3.7015867893997
 182      43.6145722932302     3.7037534723411
 183      43.8555344653886     3.7059203654961
 184      44.0964966375470     3.7080875318645
 185      44.3374588097054     3.7102550173490
 186      44.5784209818637     3.7124228457242
 187      44.8193831540221     3.7145910025878
 188      45.0603453261805     3.7167594481994
 189      45.3013074983389     3.7189281324291
 190      45.5422696704973     3.7210969726163
 191      45.7832318426556     3.7232658612322
 192      46.0241940148140     3.7254346726624
 193      46.2651561869724     3.7276032662400
 194      46.5061183591308     3.7297714774562
 195      46.7470805312892     3.7319391224175
 196      46.9880427034476     3.7341060317638
 197      47.2290048756059     3.7362718938529
 198      47.4699670477643     3.7384365683641
 199      47.7109292199227     3.7405997909347
 200      47.9518913920811     3.7427612875365
 201      48.1928535642395     3.7449207957499
 202      48.4338157363979     3.7470780294788
 203      48.6747779085562     3.7492326924986
 204      48.9157400807146     3.7513844822583
 205      49.1567022528730     3.7535330986628
 206      49.3976644250314     3.7556782115547
 207      49.6386265971898     3.7578195019354
 208      49.8795887693481     3.7599566370106
 209      50.1205509415065     3.7620892963252
 210      50.3615131136649     3.7642171274085
 211      50.6024752858233     3.7663397886359
 212      50.8434374579817     3.7684569573105
 213      51.0843996301401     3.7705682670900
 214      51.3253618022984     3.7726733922750
 215      51.5663239744568     3.7747719778001
 216      51.8072861466152     3.7768636895521
 217      52.0482483187736     3.7789481786713
 218      52.2892104909320     3.7810251279004
 219      52.5301726630904     3.7830941868261
 220      52.7711348352487     3.7851550235559
 221      53.0120970074071     3.7872073208744
 222      53.2530591795655     3.7892507625600
 223      53.4940213517239     3.7912850183190
 224      53.7349835238823     3.7933097926411
 225      53.9759456960406     3.7953247756377
 226      54.2169078681990     3.7973296700143
 227      54.4578700403574     3.7993241949976
 228      54.6988322125158     3.8013080611059
 229      54.9397943846742     3.8032809956552
 230      55.1807565568325     3.8052427369879
 231      55.4217187289909     3.8071930215223
 232      55.6626809011493     3.8091316080102
 233      55.9036430733077     3.8110582421469
 234      56.1446052454661     3.8129727095037
 235      56.3855674176244     3.8148747702360
 236      56.6265295897828     3.8167642261868
 237      56.8674917619412     3.8186408633240
 238      57.1084539340996     3.8205044874788
 239      57.3494161062579     3.8223549180012
 240      57.5903782784163     3.8241919474168
 241      57.8313404505747     3.8260154655374
 242      58.0723026227331     3.8278252791096
 243      58.3132647948914     3.8296212387142
 244      58.5542269670498     3.8314032105330
 245      58.7951891392082     3.8331710660174
 246      59.0361513113666     3.8349246768133
 247      59.2771134835249     3.8366639252052
 248      59.5180756556833     3.8383887196234
 249      59.7590378278417     3.8400989618553
 250      60.0000000000001     3.8417945584030
