   1       0.0001146666697     3.9977316034803
   2       0.2410780615827    -0.7194752102470
   3       0.4820414564957    -0.3786259888805
   4       0.7230048514086    -0.0957020116339
   5       0.9639682463216     0.1457093264769
   6       1.2049316412346     0.3612408922958
   7       1.4458950361476     0.5556005034657
   8       1.6868584310605     0.7323047781490
   9       1.9278218259735     0.8959751193825
  10       2.1687852208865     1.0509683648046
  11       2.4097486157995     1.1987802088072
  12       2.6507120107124     1.3375295555468
  13       2.8916754056254     1.4639360923347
  14       3.1326388005384     1.5758266883989
  15       3.3736021954513     1.6735285538824
  16       3.6145655903643     1.7600221596457
  17       3.8555289852773     1.8404874802273
  18       4.0964923801903     1.9216815887667
  19       4.3374557751032     2.0111086844889
  20       4.5784191700162     2.1156580594128
  21       4.8193825649292     2.2395775479254
  22       5.0603459598422     2.3824269883093
  23       5.3013093547551     2.5384346700026
  24       5.5422727496681     2.6982637525499
  25       5.7832361445811     2.8524092691918
  26       6.0241995394941     2.9940959806700
  27       6.2651629344070     3.1202029164625
  28       6.5061263293200     3.2304697773905
  29       6.7470897242330     3.3261509602689
  30       6.9880531191459     3.4089808945375
  31       7.2290165140589     3.4806560531300
  32       7.4699799089719     3.5426739142856
  33       7.7109433038849     3.5963285598542
  34       7.9519066987978     3.6427450572196
  35       8.1928700937108     3.6829094745714
  36       8.4338334886238     3.7176878175634
  37       8.6747968835368     3.7478379861077
  38       8.9157602784497     3.7740190917038
  39       9.1567236733627     3.7968004123986
  40       9.3976870682757     3.8166706283884
  41       9.6386504631886     3.8340472080585
  42       9.8796138581016     3.8492855449150
  43      10.1205772530146     3.8626875376888
  44      10.3615406479276     3.8745093718067
  45      10.6025040428405     3.8849684107931
  46      10.8434674377535     3.8942491939347
  47      11.0844308326665     3.9025085713477
  48      11.3253942275795     3.9098800789443
  49      11.5663576224924     3.9164776254248
  50      11.8073210174054     3.9223985875672
  51      12.0482844123184     3.9277264106802
  52      12.2892478072313     3.9325327824317
  53      12.5302112021443     3.9368794410814
  54      12.7711745970573     3.9408197028599
  55      13.0121379919703     3.9443997286373
  56      13.2531013868832     3.9476595953211
  57      13.4940647817962     3.9506341799186
  58      13.7350281767092     3.9533539246288
  59      13.9759915716222     3.9558454595835
  60      14.2169549665351     3.9581321470047
  61      14.4579183614481     3.9602345248154
  62      14.6988817563611     3.9621706986211
  63      14.9398451512741     3.9639566661569
  64      15.1808085461870     3.9656065954259
  65      15.4217719411000     3.9671330565893
  66      15.6627353360130     3.9685472413631
  67      15.9036987309259     3.9698591191372
  68      16.1446621258389     3.9710775989870
  69      16.3856255207519     3.9722106589462
  70      16.6265889156649     3.9732654514639
  71      16.8675523105778     3.9742484087852
  72      17.1085157054908     3.9751653216715
  73      17.3494791004038     3.9760214147338
  74      17.5904424953167     3.9768214095828
  75      17.8314058902297     3.9775695818011
  76      18.0723692851427     3.9782698099597
  77      18.3133326800557     3.9789256180902
  78      18.5542960749686     3.9795402110510
  79      18.7952594698816     3.9801165146852
  80      19.0362228647946     3.9806571952166
  81      19.2771862597075     3.9811646948412
  82      19.5181496546205     3.9816412481039
  83      19.7591130495335     3.9820889055100
  84      20.0000764444465     3.9825095509639
  85      20.2410398393594     3.9829049160062
  86      20.4820032342724     3.9832765981991
  87      20.7229666291854     3.9836260685025
  88      20.9639300240983     3.9839546876917
  89      21.2048934190113     3.9842637162015
  90      21.4458568139243     3.9845543186954
  91      21.6868202088373     3.9848275773160
  92      21.9277836037502     3.9850844980496
  93      22.1687469986632     3.9853260139059
  94      22.4097103935762     3.9855529964126
  95      22.6506737884891     3.9857662578259
  96      22.8916371834021     3.9859665556267
  97      23.1326005783151     3.9861545995302
  98      23.3735639732281     3.9863310548884
  99      23.6145273681410     3.9864965416807
 100      23.8554907630540     3.9866516454053
 101      24.0964541579670     3.9867969167143
 102      24.3374175528799     3.9869328695512
 103      24.5783809477929     3.9870599938390
 104      24.8193443427059     3.9871787474930
 105      25.0603077376189     3.9872895651358
 106      25.3012711325318     3.9873928584248
 107      25.5422345274448     3.9874890156320
 108      25.7831979223578     3.9875784060165
 109      26.0241613172707     3.9876613786429
 110      26.2651247121837     3.9877382685039
 111      26.5060881070967     3.9878093903717
 112      26.7470515020097     3.9878750482733
 113      26.9880148969226     3.9879355300303
 114      27.2289782918356     3.9879911081219
 115      27.4699416867486     3.9880420489281
 116      27.7109050816615     3.9880886023436
 117      27.9518684765745     3.9881310097968
 118      28.1928318714875     3.9881695035852
 119      28.4337952664005     3.9882043051773
 120      28.6747586613134     3.9882356269232
 121      28.9157220562264     3.9882636750900
 122      29.1566854511394     3.9882886480392
 123      29.3976488460523     3.9883107345609
 124      29.6386122409653     3.9883301192864
 125      29.8795756358783     3.9883469792931
 126      30.1205390307913     3.9883614847004
 127      30.3615024257042     3.9883738015117
 128      30.6024658206172     3.9883840879805
 129      30.8434292155302     3.9883924983808
 130      31.0843926104432     3.9883991818898
 131      31.3253560053561     3.9884042832059
 132      31.5663194002691     3.9884079433377
 133      31.8072827951821     3.9884102936657
 134      32.0482461900950     3.9884114681644
 135      32.2892095850080     3.9884115922393
 136      32.5301729799210     3.9884107884189
 137      32.7711363748340     3.9884091750961
 138      33.0120997697470     3.9884068673235
 139      33.2530631646599     3.9884039739661
 140      33.4940265595729     3.9884006043834
 141      33.7349899544859     3.9883968629010
 142      33.9759533493988     3.9883928479626
 143      34.2169167443118     3.9883886556313
 144      34.4578801392248     3.9883843815406
 145      34.6988435341378     3.9883801124285
 146      34.9398069290507     3.9883759366099
 147      35.1807703239637     3.9883719373675
 148      35.4217337188767     3.9883681942242
 149      35.6626971137897     3.9883647833566
 150      35.9036605087027     3.9883617778842
 151      36.1446239036156     3.9883592500416
 152      36.3855872985286     3.9883572656982
 153      36.6265506934416     3.9883558892323
 154      36.8675140883545     3.9883551809956
 155      37.1084774832675     3.9883552001325
 156      37.3494408781805     3.9883560008869
 157      37.5904042730935     3.9883576337278
 158      37.8313676680064     3.9883601510778
 159      38.0723310629194     3.9883635966176
 160      38.3132944578324     3.9883680136037
 161      38.5542578527454     3.9883734416412
 162      38.7952212476583     3.9883799195804
 163      39.0361846425713     3.9883874819199
 164      39.2771480374843     3.9883961598033
 165      39.5181114323973     3.9884059807362
 166      39.7590748273102     3.9884169738437
 167      40.0000382222232     3.9884291625377
 168      40.2410016171362     3.9884425658201
 169      40.4819650120492     3.9884572031599
 170      40.7229284069621     3.9884730931366
 171      40.9638918018751     3.9884902457168
 172      41.2048551967881     3.9885086749929
 173      41.4458185917011     3.9885283881651
 174      41.6867819866140     3.9885493938538
 175      41.9277453815270     3.9885716940283
 176      42.1687087764400     3.9885952924375
 177      42.4096721713530     3.9886201892630
 178      42.6506355662659     3.9886463825154
 179      42.8915989611789     3.9886738707104
 180      43.1325623560919     3.9887026454066
 181      43.3735257510049     3.9887327012844
 182      43.6144891459178     3.9887640284737
 183      43.8554525408308     3.9887966160221
 184      44.0964159357438     3.9888304527485
 185      44.3373793306568     3.9888655239477
 186      44.5783427255697     3.9889018153627
 187      44.8193061204827     3.9889393104573
 188      45.0602695153957     3.9889779900611
 189      45.3012329103087     3.9890178386880
 190      45.5421963052216     3.9890588319473
 191      45.7831597001346     3.9891009510590
 192      46.0241230950476     3.9891441743434
 193      46.2650864899606     3.9891884777608
 194      46.5060498848735     3.9892338380143
 195      46.7470132797865     3.9892802304561
 196      46.9879766746995     3.9893276300687
 197      47.2289400696125     3.9893760089053
 198      47.4699034645254     3.9894253444377
 199      47.7108668594384     3.9894756065373
 200      47.9518302543514     3.9895267681095
 201      48.1927936492644     3.9895788024132
 202      48.4337570441773     3.9896316799538
 203      48.6747204390903     3.9896853733888
 204      48.9156838340033     3.9897398539483
 205      49.1566472289163     3.9897950921555
 206      49.3976106238292     3.9898510593956
 207      49.6385740187422     3.9899077271779
 208      49.8795374136552     3.9899650663102
 209      50.1205008085682     3.9900230469733
 210      50.3614642034811     3.9900816414717
 211      50.6024275983941     3.9901408210332
 212      50.8433909933071     3.9902005567232
 213      51.0843543882201     3.9902608193021
 214      51.3253177831330     3.9903215803226
 215      51.5662811780460     3.9903828141295
 216      51.8072445729590     3.9904444912144
 217      52.0482079678720     3.9905065848072
 218      52.2891713627849     3.9905690660705
 219      52.5301347576979     3.9906319117511
 220      52.7710981526109     3.9906950919459
 221      53.0120615475239     3.9907585833460
 222      53.2530249424368     3.9908223598468
 223      53.4939883373498     3.9908863940751
 224      53.7349517322628     3.9909506668343
 225      53.9759151271758     3.9910151482251
 226      54.2168785220887     3.9910798182715
 227      54.4578419170017     3.9911446508276
 228      54.6988053119147     3.9912096254514
 229      54.9397687068277     3.9912747196128
 230      55.1807321017406     3.9913399115957
 231      55.4216954966536     3.9914051805484
 232      55.6626588915666     3.9914705043732
 233      55.9036222864796     3.9915358651953
 234      56.1445856813925     3.9916012420403
 235      56.3855490763055     3.9916666161459
 236      56.6265124712185     3.9917319700411
 237      56.8674758661314     3.9917972837480
 238      57.1084392610444     3.9918625415688
 239      57.3494026559574     3.9919277250319
 240      57.5903660508704     3.9919928197720
 241      57.8313294457834     3.9920578090070
 242      58.0722928406963     3.9921226768739
 243      58.3132562356093     3.9921874094186
 244      58.5542196305223     3.9922519919215
 245      58.7951830254353     3.9923164103574
 246      59.0361464203482     3.9923806520724
 247      59.2771098152612     3.9924447027848
 248      59.5180732101742     3.9925085519285
 249      59.7590366050871     3.9925721871881
 250      60.0000000000001     3.9926355967787
