1.000000000000000000e+00 1.000000000000000000e+00 3.997786930364100044e+00 3.599778692926329882e+01 -3.413960628259755140e+03
2.000000000000000000e+00 6.727793696275099933e+00 3.900669576657799897e+00 3.590066957623550081e+01 -5.040358855462753240e+02
3.000000000000000000e+00 1.245558739255010039e+01 3.666518292153099878e+00 3.566651829025450127e+01 -2.704118378796076740e+02
4.000000000000000000e+00 1.818338108882520032e+01 3.312012256223900053e+00 3.531201220894180182e+01 -1.839716765305159925e+02
5.000000000000000000e+00 2.391117478510030026e+01 2.860992473838699812e+00 3.486099182169090227e+01 -1.389440694143384860e+02
6.000000000000000000e+00 2.963896848137540019e+01 2.341341987030499894e+00 3.434133722068749961e+01 -1.113198239813084029e+02
7.000000000000000000e+00 3.536676217765040064e+01 1.781796990748500065e+00 3.378177390672890112e+01 -9.264330059650440319e+01
8.000000000000000000e+00 4.109455587392550058e+01 1.209243859763299955e+00 3.320916042921579958e+01 -7.917307622804729306e+01
9.000000000000000000e+00 4.682234957020060051e+01 6.468209810148000116e-01 3.264657898666180103e+01 -6.899848597164519504e+01
1.000000000000000000e+01 5.255014326647560097e+01 1.128954192770000031e-01 3.211230365905080220e+01 -6.104188981802909808e+01
1.100000000000000000e+01 5.827793696275070090e+01 -3.791991842488000031e-01 3.161953698168279914e+01 -5.464930720599119951e+01
1.200000000000000000e+01 6.400573065902580083e+01 -8.208686230302000286e-01 3.117671048822860058e+01 -4.940085322153530001e+01
1.300000000000000000e+01 6.973352435530090077e+01 -1.207626550880100069e+00 3.078812732879359970e+01 -4.501459749610280170e+01
1.400000000000000000e+01 7.546131805157590122e+01 -1.538310037318199930e+00 3.045475694986710025e+01 -4.129420790031340260e+01
1.500000000000000000e+01 8.118911174785100116e+01 -1.814275488790900059e+00 3.017504426132779827e+01 -3.809875628243000278e+01
1.600000000000000000e+01 8.691690544412610109e+01 -2.038658121071100116e+00 2.994564876149319943e+01 -3.532446295452810148e+01
1.700000000000000000e+01 9.264469914040110154e+01 -2.215738208909099782e+00 2.976207202348100012e+01 -3.289321310310379687e+01
1.800000000000000000e+01 9.837249283667620148e+01 -2.350429301194500109e+00 2.961916175229029946e+01 -3.074508503036980045e+01
1.900000000000000000e+01 1.041002865329513014e+02 -2.447885857126800069e+00 2.951149844377210130e+01 -2.883334505691160032e+01
2.000000000000000000e+01 1.098280802292264013e+02 -2.513217857915099884e+00 2.943367954643739992e+01 -2.712100859020749866e+01
2.100000000000000000e+01 1.155558739255014018e+02 -2.551295438237899837e+00 2.938051896290710019e+01 -2.557842394462180025e+01
2.200000000000000000e+01 1.212836676217765017e+02 -2.566625602499899905e+00 2.934717934886770152e+01 -2.418154080662100114e+01
2.300000000000000000e+01 1.270114613180516017e+02 -2.563284145531199876e+00 2.932925266976450018e+01 -2.291064721868509935e+01
2.400000000000000000e+01 1.327392550143266874e+02 -2.544888079397699787e+00 2.932280185927229965e+01 -2.174943356349900014e+01
2.500000000000000000e+01 1.384670487106016878e+02 -2.514596450382899917e+00 2.932437402163209939e+01 -2.068428886213460061e+01
2.600000000000000000e+01 1.441948424068768020e+02 -2.475129950614599839e+00 2.933099325167059845e+01 -1.970376478941770060e+01
2.700000000000000000e+01 1.499226361031518024e+02 -2.428802088405599857e+00 2.934013941022190153e+01 -1.879816255303889960e+01
2.800000000000000000e+01 1.556504297994268882e+02 -2.377556591593600110e+00 2.934971766413369920e+01 -1.795921098749409950e+01
2.900000000000000000e+01 1.613782234957018886e+02 -2.323007302621700187e+00 2.935802241140050128e+01 -1.717981320045199922e+01
3.000000000000000000e+01 1.671060171919770028e+02 -2.266478023566799838e+00 2.936369833647610150e+01 -1.645384532343370054e+01
3.100000000000000000e+01 1.728338108882520885e+02 -2.209040686559000211e+00 2.936570060402580040e+01 -1.577599527947499958e+01
3.200000000000000000e+01 1.785616045845270889e+02 -2.151550862492400018e+00 2.936325566775110119e+01 -1.514163258228209941e+01
3.300000000000000000e+01 1.842893982808022031e+02 -2.094680093169900115e+00 2.935582372053569955e+01 -1.454670241557679944e+01
3.400000000000000000e+01 1.900171919770772035e+02 -2.038944852892199844e+00 2.934306351131559865e+01 -1.398763886939279999e+01
3.500000000000000000e+01 1.957449856733522893e+02 -1.984732131154500090e+00 2.932479995942890127e+01 -1.346129340939259933e+01
3.600000000000000000e+01 2.014727793696272897e+02 -1.932321792501999980e+00 2.930099481054969957e+01 -1.296487554772389927e+01
3.700000000000000000e+01 2.072005730659024039e+02 -1.881905921732899944e+00 2.927172043978410088e+01 -1.249590335434369948e+01
3.800000000000000000e+01 2.129283667621774896e+02 -1.833605420652099971e+00 2.923713675387340061e+01 -1.205216195584369920e+01
3.900000000000000000e+01 2.186561604584524900e+02 -1.787484126530600070e+00 2.919747110294269987e+01 -1.163166855712360004e+01
4.000000000000000000e+01 2.243839541547276042e+02 -1.743560734877799945e+00 2.915300099952600021e+01 -1.123264282036340056e+01
4.100000000000000000e+01 2.301117478510026046e+02 -1.701818792047800066e+00 2.910403946182299961e+01 -1.085348166784119961e+01
4.200000000000000000e+01 2.358395415472776904e+02 -1.662215001574399942e+00 2.905092272930039954e+01 -1.049273775650789986e+01
4.300000000000000000e+01 2.415673352435526908e+02 -1.624686081890299949e+00 2.899400010394739979e+01 -1.014910101489379990e+01
4.400000000000000000e+01 2.472951289398278050e+02 -1.589154373688800082e+00 2.893362567117770112e+01 -9.821382745842200279e+00
4.500000000000000000e+01 2.530229226361028907e+02 -1.555532393620600029e+00 2.887015168895110051e+01 -9.508501888484900633e+00
4.600000000000000000e+01 2.587507163323779196e+02 -1.523726480146200046e+00 2.880392337136870040e+01 -9.209473104875300464e+00
4.700000000000000000e+01 2.644785100286529769e+02 -1.493639699204099891e+00 2.873527490231380099e+01 -8.923396414663200105e+00
4.800000000000000000e+01 2.702063037249279773e+02 -1.465174111374899946e+00 2.866452648311550178e+01 -8.649448148105600254e+00
4.900000000000000000e+01 2.759340974212030915e+02 -1.438232522472800090e+00 2.859198222163839986e+01 -8.386873025852899843e+00
5.000000000000000000e+01 2.816618911174780919e+02 -1.412719806349800100e+00 2.851792873734930112e+01 -8.134977205113500531e+00
5.100000000000000000e+01 2.873896848137532061e+02 -1.388543875199300004e+00 2.844263434817790070e+01 -7.893122157376000203e+00
5.200000000000000000e+01 2.931174785100283202e+02 -1.365616367854399993e+00 2.836634871037109917e+01 -7.660719263941199841e+00
5.300000000000000000e+01 2.988452722063033207e+02 -1.343853114034200047e+00 2.828930284967449893e+01 -7.437225032960300020e+00
5.400000000000000000e+01 3.045730659025783780e+02 -1.323174405967999956e+00 2.821170943792180097e+01 -7.222136856162600260e+00
5.500000000000000000e+01 3.103008595988533784e+02 -1.303505148433399929e+00 2.813376333586959888e+01 -7.014989235538600099e+00
5.600000000000000000e+01 3.160286532951284926e+02 -1.284774876811300093e+00 2.805564225456789984e+01 -6.815350420355200001e+00
5.700000000000000000e+01 3.217564469914034930e+02 -1.266917708142299981e+00 2.797750756146210094e+01 -6.622819403370299618e+00
5.800000000000000000e+01 3.274842406876786072e+02 -1.249872223136299976e+00 2.789950514298050166e+01 -6.437023232270499662e+00
5.900000000000000000e+01 3.332120343839537213e+02 -1.233581301405400010e+00 2.782176631598819938e+01 -6.257614598401000094e+00
6.000000000000000000e+01 3.389398280802287218e+02 -1.217991932298100100e+00 2.774440875744080159e+01 -6.084269669986100304e+00
6.100000000000000000e+01 3.446676217765037791e+02 -1.203055001616200048e+00 2.766753745092369954e+01 -5.916686141398299625e+00
6.200000000000000000e+01 3.503954154727787795e+02 -1.188725064197599934e+00 2.759124558833320151e+01 -5.754581473755900234e+00
6.300000000000000000e+01 3.561232091690538937e+02 -1.174960120844400047e+00 2.751561547787499862e+01 -5.597691305306700116e+00
6.400000000000000000e+01 3.618510028653290078e+02 -1.161721385561200082e+00 2.744071939565019846e+01 -5.445768012785699774e+00
6.500000000000000000e+01 3.675787965616040083e+02 -1.148973067464100106e+00 2.736662041734560091e+01 -5.298579407277999920e+00
6.600000000000000000e+01 3.733065902578791224e+02 -1.136682148057200026e+00 2.729337318543609925e+01 -5.155907550141700213e+00
6.700000000000000000e+01 3.790343839541541229e+02 -1.124818180434900006e+00 2.722102465623439826e+01 -5.017547676289900060e+00
6.800000000000000000e+01 3.847621776504291802e+02 -1.113353085819400068e+00 2.714961477563180026e+01 -4.883307213644799916e+00
6.900000000000000000e+01 3.904899713467041806e+02 -1.102260974859200049e+00 2.707917713491719880e+01 -4.753004888888799684e+00
7.000000000000000000e+01 3.962177650429792948e+02 -1.091517968471900080e+00 2.700973955183480157e+01 -4.626469910780000028e+00
7.100000000000000000e+01 4.019455587392544089e+02 -1.081102038326400061e+00 2.694132464762730095e+01 -4.503541223295400187e+00
7.200000000000000000e+01 4.076733524355294094e+02 -1.070992855090100004e+00 2.687395032734690048e+01 -4.384066821733900277e+00
7.300000000000000000e+01 4.134011461318045235e+02 -1.061171647345799940e+00 2.680763028461079855e+01 -4.267903125672500408e+00
7.400000000000000000e+01 4.191289398280795240e+02 -1.051621074090800079e+00 2.674237440420819922e+01 -4.154914403337899742e+00
7.500000000000000000e+01 4.248567335243545813e+02 -1.042325107404900031e+00 2.667818918418590002e+01 -4.044972242540300300e+00
7.600000000000000000e+01 4.305845272206295817e+02 -1.033268918043600104e+00 2.661507807824320082e+01 -3.937955063834400082e+00
7.700000000000000000e+01 4.363123209169046959e+02 -1.024438781236199913e+00 2.655304184065640172e+01 -3.833747672027600029e+00
7.800000000000000000e+01 4.420401146131798100e+02 -1.015821981568199917e+00 2.649207882684019921e+01 -3.732240842555099913e+00
7.900000000000000000e+01 4.477679083094548105e+02 -1.007406726833300015e+00 2.643218525891879978e+01 -3.633330939602700038e+00
8.000000000000000000e+01 4.534957020057299246e+02 -9.991820766500999484e-01 2.637335549264869883e+01 -3.536919563168400060e+00
8.100000000000000000e+01 4.592234957020049251e+02 -9.911378686534000337e-01 2.631558222939510117e+01 -3.442913222536200024e+00
8.200000000000000000e+01 4.649512893982799824e+02 -9.832646548743999571e-01 2.625885673017389976e+01 -3.351223033886300051e+00
8.300000000000000000e+01 4.706790830945549828e+02 -9.755536424577999632e-01 2.620316899393939991e+01 -3.261764439982799857e+00
8.400000000000000000e+01 4.764068767908300970e+02 -9.679966422600999598e-01 2.614850794144080126e+01 -3.174456950083900164e+00
8.500000000000000000e+01 4.821346704871052111e+02 -9.605860196958000419e-01 2.609486154571650118e+01 -3.089223898390399903e+00
8.600000000000000000e+01 4.878624641833802116e+02 -9.533146478219000075e-01 2.604221698785880079e+01 -3.005992219509999952e+00
8.700000000000000000e+01 4.935902578796553257e+02 -9.461758719798000206e-01 2.599056076739719856e+01 -2.924692239556100137e+00
8.800000000000000000e+01 4.993180515759303262e+02 -9.391634666100000528e-01 2.593987881771809967e+01 -2.845257481623399975e+00
8.900000000000000000e+01 5.050458452722053835e+02 -9.322716061567000168e-01 2.589015661181689865e+01 -2.767624484501100213e+00
9.000000000000000000e+01 5.107736389684803839e+02 -9.254948330511999499e-01 2.584137923878149934e+01 -2.691732633583800105e+00
9.100000000000000000e+01 5.165014326647554981e+02 -9.188280276368999688e-01 2.579353149066410111e+01 -2.617524003032599911e+00
9.200000000000000000e+01 5.222292263610305554e+02 -9.122663859962000243e-01 2.574659793739959923e+01 -2.544943208323700023e+00
9.300000000000000000e+01 5.279570200573056127e+02 -9.058053938762999913e-01 2.570056297934879908e+01 -2.473937268394999833e+00
9.400000000000000000e+01 5.336848137535806700e+02 -8.994408054533999941e-01 2.565541091271720120e+01 -2.404455476669999925e+00
9.500000000000000000e+01 5.394126074498557273e+02 -8.931686239774999647e-01 2.561112598020930164e+01 -2.336449280298800169e+00
9.600000000000000000e+01 5.451404011461307846e+02 -8.869850845071000078e-01 2.556769240733099835e+01 -2.269872167011799835e+00
9.700000000000000000e+01 5.508681948424058419e+02 -8.808866375223000089e-01 2.552509444875909850e+01 -2.204679559032399982e+00
9.800000000000000000e+01 5.565959885386808992e+02 -8.748699320760999765e-01 2.548331642359120153e+01 -2.140828713540400052e+00
9.900000000000000000e+01 5.623237822349559565e+02 -8.689318020077000382e-01 2.544234273754059927e+01 -2.078278629217999995e+00
1.000000000000000000e+02 5.680515759312310138e+02 -8.630692560246999712e-01 2.540215792060340050e+01 -2.016989958449700193e+00
1.010000000000000000e+02 5.737793696275060711e+02 -8.572794606092000169e-01 2.536274663875110136e+01 -1.956924924781900055e+00
1.020000000000000000e+02 5.795071633237811284e+02 -8.515597363507999562e-01 2.532409372299370176e+01 -1.898047245276399897e+00
1.030000000000000000e+02 5.852349570200561857e+02 -8.459075424534000520e-01 2.528618418303929971e+01 -1.840322057423900093e+00
1.040000000000000000e+02 5.909627507163312430e+02 -8.403204687918000015e-01 2.524900322207270165e+01 -1.783715850308200013e+00
1.050000000000000000e+02 5.966905444126063003e+02 -8.347962279685999798e-01 2.521253624740959864e+01 -1.728196399734200028e+00
1.060000000000000000e+02 6.024183381088813576e+02 -8.293326473020999900e-01 2.517676888970380134e+01 -1.673732707057800084e+00
1.070000000000000000e+02 6.081461318051564149e+02 -8.239276617598999541e-01 2.514168699549389885e+01 -1.620294941471100092e+00
1.080000000000000000e+02 6.138739255014314722e+02 -8.185793074621999788e-01 2.510727665174179890e+01 -1.567854385520399907e+00
1.090000000000000000e+02 6.196017191977065295e+02 -8.132857168239999712e-01 2.507352418328349941e+01 -1.516383383644400062e+00
1.100000000000000000e+02 6.253295128939815868e+02 -8.080451069085999860e-01 2.504041615360100081e+01 -1.465855293542200011e+00
1.110000000000000000e+02 6.310573065902566441e+02 -8.028557810351999446e-01 2.500793937427370039e+01 -1.416244440188400011e+00
1.120000000000000000e+02 6.367851002865317014e+02 -7.977161220845000456e-01 2.497608090329460140e+01 -1.367526072330800035e+00
1.130000000000000000e+02 6.425128939828067587e+02 -7.926245850204000076e-01 2.494482805361650080e+01 -1.319676321314799949e+00
1.140000000000000000e+02 6.482406876790818160e+02 -7.875796947636000134e-01 2.491416838241089948e+01 -1.272672162090300096e+00
1.150000000000000000e+02 6.539684813753568733e+02 -7.825800435484000506e-01 2.488408970101140127e+01 -1.226491376268600053e+00
1.160000000000000000e+02 6.596962750716319306e+02 -7.776242826936999863e-01 2.485458006766749861e+01 -1.181112517102800075e+00
1.170000000000000000e+02 6.654240687679069879e+02 -7.727111249332000442e-01 2.482562778849129970e+01 -1.136514876277900044e+00
1.180000000000000000e+02 6.711518624641820452e+02 -7.678393379725999557e-01 2.479722142071700119e+01 -1.092678452400400069e+00
1.190000000000000000e+02 6.768796561604571025e+02 -7.630077410929000381e-01 2.476934975430399888e+01 -1.049583921088500071e+00
1.200000000000000000e+02 6.826074498567321598e+02 -7.582152015177000548e-01 2.474200183359780070e+01 -1.007212606567799984e+00
1.210000000000000000e+02 6.883352435530072171e+02 -7.534606378406000227e-01 2.471516693392689845e+01 -9.655464546855999641e-01
1.220000000000000000e+02 6.940630372492822744e+02 -7.487430070502999468e-01 2.468883456583469993e+01 -9.245680072602999733e-01
1.230000000000000000e+02 6.997908309455573317e+02 -7.440613141328999980e-01 2.466299447510499832e+01 -8.842603776923000369e-01
1.240000000000000000e+02 7.055186246418323890e+02 -7.394146005075999950e-01 2.463763663265149972e+01 -8.446072277609000256e-01
1.250000000000000000e+02 7.112464183381074463e+02 -7.348019451567000537e-01 2.461275123566129963e+01 -8.055927455439999552e-01
1.260000000000000000e+02 7.169742120343825036e+02 -7.302224669179000482e-01 2.458832870558590145e+01 -7.672016243952000103e-01
1.270000000000000000e+02 7.227020057306575609e+02 -7.256753138434000050e-01 2.456435967073219828e+01 -7.294190429210000159e-01
1.280000000000000000e+02 7.284297994269326182e+02 -7.211596695173999594e-01 2.454083498255300100e+01 -6.922306459025999725e-01
1.290000000000000000e+02 7.341575931232076755e+02 -7.166747483994000412e-01 2.451774569543729854e+01 -6.556225261108999947e-01
1.300000000000000000e+02 7.398853868194827328e+02 -7.122197943803000308e-01 2.449508307301159959e+01 -6.195812069656000398e-01
1.310000000000000000e+02 7.456131805157577901e+02 -7.077940772324999852e-01 2.447283857451450118e+01 -5.840936259944999875e-01
1.320000000000000000e+02 7.513409742120328474e+02 -7.033968972954000032e-01 2.445100385727630155e+01 -5.491471190484999987e-01
1.330000000000000000e+02 7.570687679083079047e+02 -6.990275779367000064e-01 2.442957076929749860e+01 -5.147294052337999526e-01
1.340000000000000000e+02 7.627965616045829620e+02 -6.946854644811000234e-01 2.440853134614210163e+01 -4.808285725224999974e-01
1.350000000000000000e+02 7.685243553008580193e+02 -6.903699309772000081e-01 2.438787781123290088e+01 -4.474330640070999787e-01
1.360000000000000000e+02 7.742521489971330766e+02 -6.860803699494999464e-01 2.436760256393840152e+01 -4.145316647644000096e-01
1.370000000000000000e+02 7.799799426934081339e+02 -6.818161976547999492e-01 2.434769818148210163e+01 -3.821134892993999777e-01
1.380000000000000000e+02 7.857077363896831912e+02 -6.775768468831999680e-01 2.432815740994480080e+01 -3.501679695368999923e-01
1.390000000000000000e+02 7.914355300859582485e+02 -6.733617728116000345e-01 2.430897316222279869e+01 -3.186848433359000254e-01
1.400000000000000000e+02 7.971633237822333058e+02 -6.691704468903999503e-01 2.429013851487420084e+01 -2.876541434982999856e-01
1.410000000000000000e+02 8.028911174785083631e+02 -6.650023608402999553e-01 2.427164670998340057e+01 -2.570661872482999932e-01
1.420000000000000000e+02 8.086189111747834204e+02 -6.608570209247000005e-01 2.425349113800880119e+01 -2.269115661591999955e-01
1.430000000000000000e+02 8.143467048710584777e+02 -6.567339531685999487e-01 2.423566534643839887e+01 -1.971811365048999898e-01
1.440000000000000000e+02 8.200744985673335350e+02 -6.526326948164999919e-01 2.421816302852599989e+01 -1.678660100160999924e-01
1.450000000000000000e+02 8.258022922636085923e+02 -6.485527991984000318e-01 2.420097801922199920e+01 -1.389575450206000096e-01
1.460000000000000000e+02 8.315300859598836496e+02 -6.444938350965999652e-01 2.418410430562310154e+01 -1.104473379506999975e-01
1.470000000000000000e+02 8.372578796561587069e+02 -6.404553866041999832e-01 2.416753599848960121e+01 -8.232721519850000336e-02
1.480000000000000000e+02 8.429856733524337642e+02 -6.364370458992999469e-01 2.415126735445440076e+01 -5.458922530319999800e-02
1.490000000000000000e+02 8.487134670487088215e+02 -6.324384234616999834e-01 2.413529275524640028e+01 -2.722563145519999936e-02
1.500000000000000000e+02 8.544412607449838788e+02 -6.284591381722000047e-01 2.411960671076419871e+01 -2.289043012999999939e-04
1.510000000000000000e+02 8.601690544412589361e+02 -6.244988205328000364e-01 2.410420385469920035e+01 2.640828496210000098e-02
1.520000000000000000e+02 8.658968481375339934e+02 -6.205571143108999932e-01 2.408907894937560101e+01 5.269307122269999838e-02
1.530000000000000000e+02 8.716246418338090507e+02 -6.166336730635999519e-01 2.407422686682789958e+01 7.863240182300000602e-02
1.540000000000000000e+02 8.773524355300841080e+02 -6.127281601548000278e-01 2.405964259852819964e+01 1.042330426828999984e-01
1.550000000000000000e+02 8.830802292263591653e+02 -6.088402479987999882e-01 2.404532124637919921e+01 1.295015841832000136e-01
1.560000000000000000e+02 8.888080229226342226e+02 -6.049696243207000057e-01 2.403125802683310042e+01 1.544444468214999922e-01
1.570000000000000000e+02 8.945358166189092799e+02 -6.011159754785999620e-01 2.401744825869539923e+01 1.790678866512999956e-01
1.580000000000000000e+02 9.002636103151843372e+02 -5.972790073925999810e-01 2.400388736586900151e+01 2.033780005134999957e-01
1.590000000000000000e+02 9.059914040114593945e+02 -5.934584283024999518e-01 2.399057087885000072e+01 2.273807310686999927e-01
1.600000000000000000e+02 9.117191977077344518e+02 -5.896539550011999919e-01 2.397749442136100129e+01 2.510818716407000051e-01
1.610000000000000000e+02 9.174469914040095091e+02 -5.858653149224000156e-01 2.396465371130179989e+01 2.744870708780000057e-01
1.620000000000000000e+02 9.231747851002845664e+02 -5.820922402317000310e-01 2.395204457426829947e+01 2.976018372420999869e-01
1.630000000000000000e+02 9.289025787965596237e+02 -5.783344724605999909e-01 2.393966291243030042e+01 3.204315433293999926e-01
1.640000000000000000e+02 9.346303724928346810e+02 -5.745917580085000420e-01 2.392750472965969877e+01 3.429814300347999723e-01
1.650000000000000000e+02 9.403581661891097383e+02 -5.708638526118999801e-01 2.391556610862080134e+01 3.652566105621999903e-01
1.660000000000000000e+02 9.460859598853847956e+02 -5.671505179315999845e-01 2.390384321819880142e+01 3.872620742899000046e-01
1.670000000000000000e+02 9.518137535816598529e+02 -5.634515184527000287e-01 2.389233231893459930e+01 4.090026904969000232e-01
1.680000000000000000e+02 9.575415472779349102e+02 -5.597666300150000440e-01 2.388102974337950002e+01 4.304832119543999802e-01
1.690000000000000000e+02 9.632693409742099675e+02 -5.560956312939999702e-01 2.386993191003109871e+01 4.517082783897000131e-01
1.700000000000000000e+02 9.689971346704850248e+02 -5.524383060060999995e-01 2.385903530062520161e+01 4.726824198276999844e-01
1.710000000000000000e+02 9.747249283667600821e+02 -5.487944450884999492e-01 2.384833649435849878e+01 4.934100598135999771e-01
1.720000000000000000e+02 9.804527220630351394e+02 -5.451638441620999531e-01 2.383783212465640133e+01 5.138955185235000167e-01
1.730000000000000000e+02 9.861805157593101967e+02 -5.415463038233999660e-01 2.382751890852090071e+01 5.341430157661000155e-01
1.740000000000000000e+02 9.919083094555852540e+02 -5.379416297847999795e-01 2.381739362302739949e+01 5.541566738808000325e-01
1.750000000000000000e+02 9.976361031518603113e+02 -5.343496310526000270e-01 2.380745312685619908e+01 5.739405205351999495e-01
1.760000000000000000e+02 1.003363896848135369e+03 -5.307701234284000202e-01 2.379769432223829995e+01 5.934984914280999613e-01
1.770000000000000000e+02 1.009091690544410426e+03 -5.272029242486000467e-01 2.378811420371809859e+01 6.128344328989999701e-01
1.780000000000000000e+02 1.014819484240685483e+03 -5.236478590344000317e-01 2.377870981635020087e+01 6.319521044502000029e-01
1.790000000000000000e+02 1.020547277936960541e+03 -5.201047528811999499e-01 2.376947825881429921e+01 6.508551811835999734e-01
1.800000000000000000e+02 1.026275071633235711e+03 -5.165734397757999474e-01 2.376041670062409850e+01 6.695472561559000502e-01
1.810000000000000000e+02 1.032002865329510769e+03 -5.130537511439999809e-01 2.375152237778710074e+01 6.880318426553999611e-01
1.820000000000000000e+02 1.037730659025785826e+03 -5.095455286385000004e-01 2.374279256159589835e+01 7.063123764036000063e-01
1.830000000000000000e+02 1.043458452722060883e+03 -5.060486136302999594e-01 2.373422459773950166e+01 7.243922176839999727e-01
1.840000000000000000e+02 1.049186246418335941e+03 -5.025628513600000069e-01 2.372581587905030176e+01 7.422746534013000552e-01
1.850000000000000000e+02 1.054914040114610998e+03 -4.990880913804999763e-01 2.371756385548779988e+01 7.599628990733999778e-01
1.860000000000000000e+02 1.060641833810886055e+03 -4.956241859873999900e-01 2.370946602143250104e+01 7.774601007589999613e-01
1.870000000000000000e+02 1.066369627507161113e+03 -4.921709892259000241e-01 2.370151993414989988e+01 7.947693369231999538e-01
1.880000000000000000e+02 1.072097421203436170e+03 -4.887283623604000149e-01 2.369372319348050127e+01 8.118936202430000471e-01
1.890000000000000000e+02 1.077825214899711227e+03 -4.852961629902000085e-01 2.368607344814029858e+01 8.288358993551999676e-01
1.900000000000000000e+02 1.083553008595986284e+03 -4.818742561325999874e-01 2.367856839440939964e+01 8.455990605494000389e-01
1.910000000000000000e+02 1.089280802292261342e+03 -4.784625112540000225e-01 2.367120577861900088e+01 8.621859294067999446e-01
1.920000000000000000e+02 1.095008595988536399e+03 -4.750607921264999867e-01 2.366398338467629969e+01 8.785992723882000144e-01
1.930000000000000000e+02 1.100736389684811456e+03 -4.716689766216999868e-01 2.365689904986070147e+01 8.948417983723999658e-01
1.940000000000000000e+02 1.106464183381086514e+03 -4.682869359958999889e-01 2.364995064839689931e+01 9.109161601459999646e-01
1.950000000000000000e+02 1.112191977077361571e+03 -4.649145455022999918e-01 2.364313610138439969e+01 9.268249558483999673e-01
1.960000000000000000e+02 1.117919770773636628e+03 -4.615516860444000002e-01 2.363645336137300035e+01 9.425707303714999652e-01
1.970000000000000000e+02 1.123647564469911686e+03 -4.581982394294999983e-01 2.362990043963199938e+01 9.581559767166000219e-01
1.980000000000000000e+02 1.129375358166186743e+03 -4.548540857030000106e-01 2.362347536382669944e+01 9.735831373108000397e-01
1.990000000000000000e+02 1.135103151862461800e+03 -4.515191148882999883e-01 2.361717622160909968e+01 9.888546052826999722e-01
2.000000000000000000e+02 1.140830945558736857e+03 -4.481932109990000024e-01 2.361100112046790045e+01 1.003972725699699975e+00
2.010000000000000000e+02 1.146558739255011915e+03 -4.448762635476000149e-01 2.360494821593470149e+01 1.018939796769100070e+00
2.020000000000000000e+02 1.152286532951286972e+03 -4.415681655673999728e-01 2.359901570215340172e+01 1.033758071002099932e+00
2.030000000000000000e+02 1.158014326647562029e+03 -4.382688099897000256e-01 2.359320179036850007e+01 1.048429756344499975e+00
2.040000000000000000e+02 1.163742120343837087e+03 -4.349780908024999948e-01 2.358750475024960025e+01 1.062957017273000071e+00
2.050000000000000000e+02 1.169469914040112144e+03 -4.316959036665000138e-01 2.358192286339610177e+01 1.077341975859900103e+00
2.060000000000000000e+02 1.175197707736387201e+03 -4.284221504237000211e-01 2.357645446103629894e+01 1.091586712806599913e+00
2.070000000000000000e+02 1.180925501432662259e+03 -4.251567281706000179e-01 2.357109789150450041e+01 1.105693268446499955e+00
2.080000000000000000e+02 1.186653295128937316e+03 -4.218995381280999935e-01 2.356585154973269880e+01 1.119663643719599921e+00
2.090000000000000000e+02 1.192381088825212373e+03 -4.186504860404999806e-01 2.356071385219350134e+01 1.133499801118700079e+00
2.100000000000000000e+02 1.198108882521487430e+03 -4.154094766272999895e-01 2.355568324413529879e+01 1.147203665608000023e+00
2.110000000000000000e+02 1.203836676217762488e+03 -4.121764136823999891e-01 2.355075820228130112e+01 1.160777125516400110e+00
2.120000000000000000e+02 1.209564469914037545e+03 -4.089512060573000096e-01 2.354593723426080132e+01 1.174222033404600074e+00
2.130000000000000000e+02 1.215292263610312602e+03 -4.057337650737000145e-01 2.354121887382889966e+01 1.187540206908000107e+00
2.140000000000000000e+02 1.221020057306587660e+03 -4.025239993194000276e-01 2.353660168233459871e+01 1.200733429556199994e+00
2.150000000000000000e+02 1.226747851002862717e+03 -3.993218195682000093e-01 2.353208424745140093e+01 1.213803451568600034e+00
2.160000000000000000e+02 1.232475644699137774e+03 -3.961271407231000130e-01 2.352766518337439905e+01 1.226751990629300071e+00
2.170000000000000000e+02 1.238203438395412832e+03 -3.929398777768000062e-01 2.352334313188449855e+01 1.239580732638700056e+00
2.180000000000000000e+02 1.243931232091687889e+03 -3.897599458509000137e-01 2.351911675070769903e+01 1.252291332445800043e+00
2.190000000000000000e+02 1.249659025787962946e+03 -3.865872601791000007e-01 2.351498473602600114e+01 1.264885414559699939e+00
2.200000000000000000e+02 1.255386819484238003e+03 -3.834217423249999812e-01 2.351094580114139987e+01 1.277364573841899942e+00
2.210000000000000000e+02 1.261114613180513061e+03 -3.802633114471000164e-01 2.350699867883540151e+01 1.289730376179099913e+00
2.220000000000000000e+02 1.266842406876788118e+03 -3.771118840100999847e-01 2.350314213013109921e+01 1.301984359138899983e+00
2.230000000000000000e+02 1.272570200573063175e+03 -3.739673878909999805e-01 2.349937493394909893e+01 1.314128032606300067e+00
2.240000000000000000e+02 1.278297994269338233e+03 -3.708297422267999854e-01 2.349569589983549989e+01 1.326162879404799932e+00
2.250000000000000000e+02 1.284025787965613290e+03 -3.676988728316000210e-01 2.349210385019960157e+01 1.338090355899199890e+00
2.260000000000000000e+02 1.289753581661888347e+03 -3.645747038284999908e-01 2.348859762840789855e+01 1.349911892583699924e+00
2.270000000000000000e+02 1.295481375358163405e+03 -3.614571608589000062e-01 2.348517610119640153e+01 1.361628894653299948e+00
2.280000000000000000e+02 1.301209169054438462e+03 -3.583461731961999908e-01 2.348183816139000157e+01 1.373242742561100016e+00
2.290000000000000000e+02 1.306936962750713519e+03 -3.552416687714000099e-01 2.347858270950689885e+01 1.384754792560199954e+00
2.300000000000000000e+02 1.312664756446988576e+03 -3.521435779084999829e-01 2.347540867057789882e+01 1.396166377231599975e+00
2.310000000000000000e+02 1.318392550143263634e+03 -3.490518298395000052e-01 2.347231499093049933e+01 1.407478805998799931e+00
2.320000000000000000e+02 1.324120343839538691e+03 -3.459663566292000003e-01 2.346930062982890064e+01 1.418693365628100000e+00
2.330000000000000000e+02 1.329848137535813748e+03 -3.428870894225000132e-01 2.346636456872809973e+01 1.429811320717299994e+00
2.340000000000000000e+02 1.335575931232088806e+03 -3.398139653426999751e-01 2.346350580895180116e+01 1.440833914170200014e+00
2.350000000000000000e+02 1.341303724928363863e+03 -3.367469170297999748e-01 2.346072335864360170e+01 1.451762367660399899e+00
2.360000000000000000e+02 1.347031518624638920e+03 -3.336858793283999924e-01 2.345801625137309898e+01 1.462597882082500078e+00
2.370000000000000000e+02 1.352759312320913978e+03 -3.306307893529999986e-01 2.345538354545439930e+01 1.473341637992100051e+00
2.380000000000000000e+02 1.358487106017189035e+03 -3.275815864852000270e-01 2.345282428615089998e+01 1.483994796034199926e+00
2.390000000000000000e+02 1.364214899713464092e+03 -3.245382081263999963e-01 2.345033757041149869e+01 1.494558497361599958e+00
2.400000000000000000e+02 1.369942693409739150e+03 -3.215005917741999841e-01 2.344792248073299845e+01 1.505033864042500058e+00
2.410000000000000000e+02 1.375670487106014207e+03 -3.184686807404000231e-01 2.344557813248119871e+01 1.515421999457100100e+00
2.420000000000000000e+02 1.381398280802289264e+03 -3.154424154536999980e-01 2.344330365228210056e+01 1.525723988685800059e+00
2.430000000000000000e+02 1.387126074498564321e+03 -3.124217395523000151e-01 2.344109817910170079e+01 1.535940898886700046e+00
2.440000000000000000e+02 1.392853868194839379e+03 -3.094065933085000109e-01 2.343896085644340133e+01 1.546073779664000059e+00
2.450000000000000000e+02 1.398581661891114436e+03 -3.063969249979999754e-01 2.343689086165359825e+01 1.556123663427599890e+00
2.460000000000000000e+02 1.404309455587389493e+03 -3.033926748849000155e-01 2.343488736850499876e+01 1.566091565743900071e+00
2.470000000000000000e+02 1.410037249283664551e+03 -3.003937937801999802e-01 2.343294957340799911e+01 1.575978485677500096e+00
2.480000000000000000e+02 1.415765042979939608e+03 -2.974002255170999920e-01 2.343107668126630116e+01 1.585785406125300057e+00
2.490000000000000000e+02 1.421492836676214665e+03 -2.944119200565999961e-01 2.342926791504610051e+01 1.595513294142399952e+00
2.500000000000000000e+02 1.427220630372489723e+03 -2.914288243688999969e-01 2.342752249697609912e+01 1.605163101259500014e+00
2.510000000000000000e+02 1.432948424068764780e+03 -2.884508918049000226e-01 2.342583967797909850e+01 1.614735763793500034e+00
2.520000000000000000e+02 1.438676217765039837e+03 -2.854780701117000108e-01 2.342421870620750113e+01 1.624232203150300036e+00
2.530000000000000000e+02 1.444404011461314894e+03 -2.825103086983000167e-01 2.342265885306539985e+01 1.633653326120499960e+00
2.540000000000000000e+02 1.450131805157589952e+03 -2.795475643829000156e-01 2.342115939727170115e+01 1.643000025167800082e+00
2.550000000000000000e+02 1.455859598853865009e+03 -2.765897881555999804e-01 2.341971961545100100e+01 1.652273178711300083e+00
2.560000000000000000e+02 1.461587392550140066e+03 -2.736369353049999953e-01 2.341833881474590129e+01 1.661473651400199980e+00
2.570000000000000000e+02 1.467315186246415124e+03 -2.706889607151000132e-01 2.341701630949830104e+01 1.670602294382699915e+00
2.580000000000000000e+02 1.473042979942690181e+03 -2.677458223990999975e-01 2.341575140794790144e+01 1.679659945568799939e+00
2.590000000000000000e+02 1.478770773638965238e+03 -2.648074734142999986e-01 2.341454344843459978e+01 1.688647429886100060e+00
2.600000000000000000e+02 1.484498567335240296e+03 -2.618738722810999842e-01 2.341339176916369880e+01 1.697565559530900048e+00
2.610000000000000000e+02 1.490226361031515353e+03 -2.589449799551999942e-01 2.341229571964619893e+01 1.706415134212299956e+00
2.620000000000000000e+02 1.495954154727790410e+03 -2.560207552909000150e-01 2.341125465785379944e+01 1.715196941391800012e+00
2.630000000000000000e+02 1.501681948424065467e+03 -2.531011575136999925e-01 2.341026794953279833e+01 1.723911756516300020e+00
2.640000000000000000e+02 1.507409742120340525e+03 -2.501861471715999818e-01 2.340933497274080111e+01 1.732560343246799972e+00
2.650000000000000000e+02 1.513137535816615582e+03 -2.472756909393999947e-01 2.340845511216269870e+01 1.741143453681400111e+00
2.660000000000000000e+02 1.518865329512890639e+03 -2.443697473948999999e-01 2.340762776538300116e+01 1.749661828573100042e+00
2.670000000000000000e+02 1.524593123209165697e+03 -2.414682823967000125e-01 2.340685233007850030e+01 1.758116197543099890e+00
2.680000000000000000e+02 1.530320916905440754e+03 -2.385712593434000106e-01 2.340612822359459955e+01 1.766507279289200039e+00
2.690000000000000000e+02 1.536048710601715811e+03 -2.356786457089999898e-01 2.340545485843399831e+01 1.774835781789199984e+00
2.700000000000000000e+02 1.541776504297990869e+03 -2.327904063586999917e-01 2.340483166106119839e+01 1.783102402500299943e+00
2.710000000000000000e+02 1.547504297994265926e+03 -2.299065066099000021e-01 2.340425807758710164e+01 1.791307828553500014e+00
2.720000000000000000e+02 1.553232091690540983e+03 -2.270269193647999895e-01 2.340373353532379852e+01 1.799452736944400000e+00
2.730000000000000000e+02 1.558959885386816040e+03 -2.241516109480999885e-01 2.340325748870440137e+01 1.807537794718999891e+00
2.740000000000000000e+02 1.564687679083091098e+03 -2.212805487347999922e-01 2.340282940531490041e+01 1.815563659156099963e+00
2.750000000000000000e+02 1.570415472779366155e+03 -2.184137075537999906e-01 2.340244873287399940e+01 1.823530977945200027e+00
2.760000000000000000e+02 1.576143266475641212e+03 -2.155510551386999873e-01 2.340211494349129850e+01 1.831440389361000065e+00
2.770000000000000000e+02 1.581871060171916270e+03 -2.126925681210999897e-01 2.340182752601570115e+01 1.839292522433300103e+00
2.780000000000000000e+02 1.587598853868191327e+03 -2.098382122518999970e-01 2.340158596135220037e+01 1.847087997114700064e+00
2.790000000000000000e+02 1.593326647564466384e+03 -2.069879688840000065e-01 2.340138973427929869e+01 1.854827424442800021e+00
2.800000000000000000e+02 1.599054441260741442e+03 -2.041418102706999971e-01 2.340123834184650065e+01 1.862511406700499972e+00
2.810000000000000000e+02 1.604782234957016499e+03 -2.012997091882000045e-01 2.340113129648700152e+01 1.870140537571900019e+00
2.820000000000000000e+02 1.610510028653291556e+03 -1.984616425461999956e-01 2.340106809731350168e+01 1.877715402295399905e+00
2.830000000000000000e+02 1.616237822349566613e+03 -1.956275895836999956e-01 2.340104826598820154e+01 1.885236577813200087e+00
2.840000000000000000e+02 1.621965616045841671e+03 -1.927975252184999932e-01 2.340107131859599932e+01 1.892704632917999952e+00
2.850000000000000000e+02 1.627693409742116728e+03 -1.899714287553999903e-01 2.340113679147449943e+01 1.900120128396100005e+00
2.860000000000000000e+02 1.633421203438391785e+03 -1.871492803578999886e-01 2.340124420654040094e+01 1.907483617168099999e+00
2.870000000000000000e+02 1.639148997134666843e+03 -1.843310558621999995e-01 2.340139310675170137e+01 1.914795644426100063e+00
2.880000000000000000e+02 1.644876790830941900e+03 -1.815167426688999996e-01 2.340158304097399977e+01 1.922056747768299934e+00
2.890000000000000000e+02 1.650604584527216957e+03 -1.787063166554999916e-01 2.340181354758379939e+01 1.929267457330599900e+00
2.900000000000000000e+02 1.656332378223492015e+03 -1.758997619007000024e-01 2.340208418335900120e+01 1.936428295916200026e+00
2.910000000000000000e+02 1.662060171919767072e+03 -1.730970606264999878e-01 2.340239451261490089e+01 1.943539779121300048e+00
2.920000000000000000e+02 1.667787965616042129e+03 -1.702981972653999920e-01 2.340274409789279986e+01 1.950602415459200101e+00
2.930000000000000000e+02 1.673515759312317186e+03 -1.675031529277999920e-01 2.340313250866309858e+01 1.957616706481299929e+00
2.940000000000000000e+02 1.679243553008592244e+03 -1.647119172495999928e-01 2.340355931352170060e+01 1.964583146896099919e+00
2.950000000000000000e+02 1.684971346704867301e+03 -1.619244700380000068e-01 2.340402409561400177e+01 1.971502224685300009e+00
2.960000000000000000e+02 1.690699140401142358e+03 -1.591408028411999964e-01 2.340452644211460154e+01 1.978374421217999890e+00
2.970000000000000000e+02 1.696426934097417416e+03 -1.563608977624000029e-01 2.340506593059440021e+01 1.985200211361699996e+00
2.980000000000000000e+02 1.702154727793692473e+03 -1.535847441536999924e-01 2.340564216203100045e+01 1.991980063592700079e+00
2.990000000000000000e+02 1.707882521489967530e+03 -1.508123312912000025e-01 2.340625473311920146e+01 1.998714440102199896e+00
3.000000000000000000e+02 1.713610315186242588e+03 -1.480436455129000017e-01 2.340690323649860005e+01 2.005403796902200053e+00
3.010000000000000000e+02 1.719338108882517645e+03 -1.452786782507000107e-01 2.340758728989840165e+01 2.012048583927899870e+00
3.020000000000000000e+02 1.725065902578792702e+03 -1.425174193651000121e-01 2.340830648578510065e+01 2.018649245138799841e+00
3.030000000000000000e+02 1.730793696275067759e+03 -1.397598559393999906e-01 2.340906045688809911e+01 2.025206218617699783e+00
3.040000000000000000e+02 1.736521489971342817e+03 -1.370059811697000030e-01 2.340984880824170133e+01 2.031719936667100157e+00
3.050000000000000000e+02 1.742249283667617874e+03 -1.342557864328000061e-01 2.341067116186259867e+01 2.038190825904900194e+00
3.060000000000000000e+02 1.747977077363892931e+03 -1.315092674918000026e-01 2.341152715173389964e+01 2.044619307357100180e+00
3.070000000000000000e+02 1.753704871060167989e+03 -1.287664085141000114e-01 2.341241639978660061e+01 2.051005796549199900e+00
3.080000000000000000e+02 1.759432664756443046e+03 -1.260272104529999992e-01 2.341333854258940050e+01 2.057350703595799857e+00
3.090000000000000000e+02 1.765160458452718103e+03 -1.232916656131999994e-01 2.341429321339569825e+01 2.063654433288300005e+00
3.100000000000000000e+02 1.770888252148993161e+03 -1.205597651622000027e-01 2.341528005878749852e+01 2.069917385181100133e+00
3.110000000000000000e+02 1.776616045845268218e+03 -1.178315030078000009e-01 2.341629871111090111e+01 2.076139953675999905e+00
3.120000000000000000e+02 1.782343839541543275e+03 -1.151068816384999971e-01 2.341734882682600016e+01 2.082322528104899817e+00
3.130000000000000000e+02 1.788071633237818332e+03 -1.123858879423000057e-01 2.341843006260580040e+01 2.088465492811100166e+00
3.140000000000000000e+02 1.793799426934093390e+03 -1.096685227530000001e-01 2.341954206329180010e+01 2.094569227228700203e+00
3.150000000000000000e+02 1.799527220630368447e+03 -1.069547847753000019e-01 2.342068449048139911e+01 2.100634105961200149e+00
3.160000000000000000e+02 1.805255014326643504e+03 -1.042446629706999944e-01 2.342185700424739991e+01 2.106660498857699793e+00
3.170000000000000000e+02 1.810982808022918562e+03 -1.015381640391000012e-01 2.342305926773629920e+01 2.112648771088399879e+00
3.180000000000000000e+02 1.816710601719193619e+03 -9.883528073620000132e-02 2.342429095544489925e+01 2.118599283218100204e+00
3.190000000000000000e+02 1.822438395415468676e+03 -9.613600942080000045e-02 2.342555173191859907e+01 2.124512391278599921e+00
3.200000000000000000e+02 1.828166189111743734e+03 -9.344035140379999826e-02 2.342684127688719897e+01 2.130388446840000061e+00
3.210000000000000000e+02 1.833893982808018791e+03 -9.074830625599999978e-02 2.342815925994930026e+01 2.136227797080000101e+00
3.220000000000000000e+02 1.839621776504293848e+03 -8.805987412629999456e-02 2.342950537545710077e+01 2.142030784852599901e+00
3.230000000000000000e+02 1.845349570200568905e+03 -8.537505101669999596e-02 2.343087929159609928e+01 2.147797748754900038e+00
3.240000000000000000e+02 1.851077363896843963e+03 -8.269383918530000266e-02 2.343228070456779832e+01 2.153529023193100134e+00
3.250000000000000000e+02 1.856805157593119020e+03 -8.001623946069999493e-02 2.343370929980779849e+01 2.159224938447299902e+00
3.260000000000000000e+02 1.862532951289394077e+03 -7.734224779289999852e-02 2.343516478387400070e+01 2.164885820734800070e+00
3.270000000000000000e+02 1.868260744985669135e+03 -7.467187401489999710e-02 2.343664682796359955e+01 2.170511992272300184e+00
3.280000000000000000e+02 1.873988538681944192e+03 -7.200510860509999611e-02 2.343815515954250017e+01 2.176103771336999948e+00
3.290000000000000000e+02 1.879716332378219249e+03 -6.934196056510000261e-02 2.343968945213680044e+01 2.181661472326899887e+00
3.300000000000000000e+02 1.885444126074494307e+03 -6.668242812069999359e-02 2.344124943018480067e+01 2.187185405819500161e+00
3.310000000000000000e+02 1.891171919770769364e+03 -6.402651546109999758e-02 2.344283479000209880e+01 2.192675878629799957e+00
3.320000000000000000e+02 1.896899713467044421e+03 -6.137422417579999762e-02 2.344444525164639970e+01 2.198133193866799839e+00
3.330000000000000000e+02 1.902627507163319478e+03 -5.872555641479999811e-02 2.344608051197290166e+01 2.203557650989900196e+00
3.340000000000000000e+02 1.908355300859594536e+03 -5.608051063249999690e-02 2.344774030775139906e+01 2.208949545862799901e+00
3.350000000000000000e+02 1.914083094555869593e+03 -5.343909534280000262e-02 2.344942434414479848e+01 2.214309170808100191e+00
3.360000000000000000e+02 1.919810888252144650e+03 -5.080131010539999659e-02 2.345113234847229933e+01 2.219636814659600166e+00
3.370000000000000000e+02 1.925538681948419708e+03 -4.816715895399999864e-02 2.345286403994450097e+01 2.224932762814599840e+00
3.380000000000000000e+02 1.931266475644694765e+03 -4.553664586049999824e-02 2.345461914316059904e+01 2.230197297284500113e+00
3.390000000000000000e+02 1.936994269340969822e+03 -4.290977336440000151e-02 2.345639739584959926e+01 2.235430696745099866e+00
3.400000000000000000e+02 1.942722063037244880e+03 -4.028654436210000328e-02 2.345819852350579993e+01 2.240633236585499954e+00
3.410000000000000000e+02 1.948449856733519937e+03 -3.766696277429999740e-02 2.346002226247309963e+01 2.245805188956799814e+00
3.420000000000000000e+02 1.954177650429794994e+03 -3.505103345490000188e-02 2.346186835398980008e+01 2.250946822819300142e+00
3.430000000000000000e+02 1.959905444126070051e+03 -3.243875649539999795e-02 2.346373653416700122e+01 2.256058403989099848e+00
3.440000000000000000e+02 1.965633237822345109e+03 -2.983013947259999937e-02 2.346562654262519843e+01 2.261140195183899859e+00
3.450000000000000000e+02 1.971361031518620166e+03 -2.722518572079999852e-02 2.346753813035730118e+01 2.266192456068400141e+00
3.460000000000000000e+02 1.977088825214895223e+03 -2.462389736560000042e-02 2.346947104356160096e+01 2.271215443297899927e+00
3.470000000000000000e+02 1.982816618911170281e+03 -2.202627748749999906e-02 2.347142503278560000e+01 2.276209410562299862e+00
3.480000000000000000e+02 1.988544412607445338e+03 -1.943233576340000143e-02 2.347339984216419850e+01 2.281174608628400158e+00
3.490000000000000000e+02 1.994272206303720395e+03 -1.684206762530000151e-02 2.347539523968010045e+01 2.286111285382300018e+00
3.500000000000000000e+02 1.999999999999995453e+03 -1.425548381430000004e-02 2.347741097218180073e+01 2.291019685870100187e+00
1.000000000000000000e+00 2.000000000000000000e+03 -1.926202801600000042e-02 2.346583054147859926e+01 2.291019685870100187e+00
2.000000000000000000e+00 2.600000000000000000e+03 2.281172561772999985e-01 2.374483612341359873e+01 2.685399758361600053e+00
3.000000000000000000e+00 3.200000000000000000e+03 4.468466179942000016e-01 2.411511176522860112e+01 2.931887303668800016e+00
4.000000000000000000e+00 3.800000000000000000e+03 6.425260449652999695e-01 2.451961568489420173e+01 3.100536676773700151e+00
5.000000000000000000e+00 4.400000000000000000e+03 8.193026441038000485e-01 2.493425805717849997e+01 3.223190766304599997e+00
6.000000000000000000e+00 5.000000000000000000e+03 9.804884496190999776e-01 2.534824319478060062e+01 3.316407874348000107e+00
1.000000000000000000e+00 5.000000000000000000e+03 9.781350491567000205e-01 2.534186092723910022e+01 3.316407874348000107e+00
2.000000000000000000e+00 5.789473684210526699e+03 1.166294012508400035e+00 2.586393099061760026e+01 3.409624982391500136e+00
3.000000000000000000e+00 6.578947368421053397e+03 1.333418881094299957e+00 2.636071029592010007e+01 3.480469984504499958e+00
4.000000000000000000e+00 7.368421052631580096e+03 1.482722591311800064e+00 2.682917178750490095e+01 3.536133914736200090e+00
5.000000000000000000e+00 8.157894736842106795e+03 1.616807589954599944e+00 2.726858721627160165e+01 3.581024181051999822e+00
6.000000000000000000e+00 8.947368421052633494e+03 1.737806973136899913e+00 2.767944996317629958e+01 3.617992635665100210e+00
7.000000000000000000e+00 9.736842105263160192e+03 1.847484842874900002e+00 2.806290889635910091e+01 3.648966205746300151e+00
8.000000000000000000e+00 1.052631578947368689e+04 1.947311661120000092e+00 2.842045046580750167e+01 3.675293740315300095e+00
9.000000000000000000e+00 1.131578947368421359e+04 2.038520803200800202e+00 2.875371272654579968e+01 3.697947665409599960e+00
1.000000000000000000e+01 1.210526315789474029e+04 2.122154113257599839e+00 2.906437453423160022e+01 3.717646730709000202e+00
1.100000000000000000e+01 1.289473684210526699e+04 2.199098404709200150e+00 2.935408835137059924e+01 3.734933665563500149e+00
1.200000000000000000e+01 1.368421052631579369e+04 2.270098500583999979e+00 2.962444551492259848e+01 3.750225954088699964e+00
1.300000000000000000e+01 1.447368421052632038e+04 2.335814798153899918e+00 2.987694424932890058e+01 3.763849992956600055e+00
1.400000000000000000e+01 1.526315789473684708e+04 2.396801845331100189e+00 3.011298969134080039e+01 3.776064648493299813e+00
1.500000000000000000e+01 1.605263157894737378e+04 2.453544055093599852e+00 3.033388444317320065e+01 3.787077862501900150e+00
1.600000000000000000e+01 1.684210526315790048e+04 2.506462942300800023e+00 3.054083031336769949e+01 3.797058587697100140e+00
1.700000000000000000e+01 1.763157894736842718e+04 2.555926997019399849e+00 3.073493191224070031e+01 3.806145516606199930e+00
1.800000000000000000e+01 1.842105263157895388e+04 2.602259311532599817e+00 3.091720003037089981e+01 3.814453565894500020e+00
1.900000000000000000e+01 1.921052631578948058e+04 2.645744763320899917e+00 3.108856227616789880e+01 3.822078761816599890e+00
2.000000000000000000e+01 2.000000000000000728e+04 2.686634916656899907e+00 3.124986403494969878e+01 3.829101968587000027e+00
