1.000000000000000000e+00 1.000000000000000000e+00 3.997710191837799965e+00 3.599771019136100136e+01 -3.413960628259755140e+03
2.000000000000000000e+00 6.727793696275099933e+00 3.897225294205000079e+00 3.589722529395299944e+01 -5.040358855462753240e+02
3.000000000000000000e+00 1.245558739255010039e+01 3.654954813321099838e+00 3.565495481111940279e+01 -2.704118378796076740e+02
4.000000000000000000e+00 1.818338108882520032e+01 3.288156279867600063e+00 3.528815623079000119e+01 -1.839716765305159925e+02
5.000000000000000000e+00 2.391117478510030026e+01 2.821497386287500131e+00 3.482149671204120267e+01 -1.389440694143384860e+02
6.000000000000000000e+00 2.963896848137540019e+01 2.283828016641200165e+00 3.428382309781620307e+01 -1.113198239813084029e+02
7.000000000000000000e+00 3.536676217765040064e+01 1.704880782648199977e+00 3.370485698508510097e+01 -9.264330059650440319e+01
8.000000000000000000e+00 4.109455587392550058e+01 1.112474275575100036e+00 3.311238840202079814e+01 -7.917307622804729306e+01
9.000000000000000000e+00 4.682234957020060051e+01 5.305489420611999574e-01 3.253030033703200274e+01 -6.899848597164519504e+01
1.000000000000000000e+01 5.255014326647560097e+01 -2.189202514490000070e-02 3.197750140339010017e+01 -6.104188981802909808e+01
1.100000000000000000e+01 5.827793696275070090e+01 -5.310543360844000027e-01 3.146765347317199968e+01 -5.464930720599119951e+01
1.200000000000000000e+01 6.400573065902580083e+01 -9.880489743463000130e-01 3.100948266911990103e+01 -4.940085322153530001e+01
1.300000000000000000e+01 6.973352435530090077e+01 -1.388239213354399926e+00 3.060744408589570043e+01 -4.501459749610280170e+01
1.400000000000000000e+01 7.546131805157590122e+01 -1.730429232859999944e+00 3.026254354645340072e+01 -4.129420790031340260e+01
1.500000000000000000e+01 8.118911174785100116e+01 -2.016032083896400096e+00 2.997317414834349947e+01 -3.809875628243000278e+01
1.600000000000000000e+01 8.691690544412610109e+01 -2.248303066041000164e+00 2.973588022781920159e+01 -3.532446295452810148e+01
1.700000000000000000e+01 9.264469914040110154e+01 -2.431683341475999960e+00 2.954600589376219943e+01 -3.289321310310379687e+01
1.800000000000000000e+01 9.837249283667620148e+01 -2.571269628864300216e+00 2.939821603136109829e+01 -3.074508503036980045e+01
1.900000000000000000e+01 1.041002865329513014e+02 -2.672407488901800132e+00 2.928689611954199989e+01 -2.883334505691160032e+01
2.000000000000000000e+01 1.098280802292264013e+02 -2.740395431638400048e+00 2.920644629983760154e+01 -2.712100859020749866e+01
2.100000000000000000e+01 1.155558739255014018e+02 -2.780282345653899867e+00 2.915148811892060010e+01 -2.557842394462180025e+01
2.200000000000000000e+01 1.212836676217765017e+02 -2.796739699849899896e+00 2.911700197161329839e+01 -2.418154080662100114e+01
2.300000000000000000e+01 1.270114613180516017e+02 -2.793991023528899831e+00 2.909841111316830009e+01 -2.291064721868509935e+01
2.400000000000000000e+01 1.327392550143266874e+02 -2.775783429350500153e+00 2.909162552643349997e+01 -2.174943356349900014e+01
2.500000000000000000e+01 1.384670487106016878e+02 -2.745388570933000150e+00 2.909305628913629960e+01 -2.068428886213460061e+01
2.600000000000000000e+01 1.441948424068768020e+02 -2.705623101995299873e+00 2.909960882120610037e+01 -1.970376478941770060e+01
2.700000000000000000e+01 1.499226361031518024e+02 -2.658881101847200057e+00 2.910866147079250155e+01 -1.879816255303889960e+01
2.800000000000000000e+01 1.556504297994268882e+02 -2.607172947455000056e+00 2.911803443184049911e+01 -1.795921098749409950e+01
2.900000000000000000e+01 1.613782234957018886e+02 -2.552166748192799872e+00 2.912595269949660093e+01 -1.717981320045199922e+01
3.000000000000000000e+01 1.671060171919770028e+02 -2.495229724520899861e+00 2.913100593743839895e+01 -1.645384532343370054e+01
3.100000000000000000e+01 1.728338108882520885e+02 -2.437467824150299833e+00 2.913210732178789897e+01 -1.577599527947499958e+01
3.200000000000000000e+01 1.785616045845270889e+02 -2.379762581723599890e+00 2.912845292554920107e+01 -1.514163258228209941e+01
3.300000000000000000e+01 1.842893982808022031e+02 -2.322804677220100089e+00 2.911948271417870160e+01 -1.454670241557679944e+01
3.400000000000000000e+01 1.900171919770772035e+02 -2.267123991756700097e+00 2.910484393375330114e+01 -1.398763886939279999e+01
3.500000000000000000e+01 1.957449856733522893e+02 -2.213116168541600093e+00 2.908435734651759930e+01 -1.346129340939259933e+01
3.600000000000000000e+01 2.014727793696272897e+02 -2.161065826679299917e+00 2.905798661989640053e+01 -1.296487554772389927e+01
3.700000000000000000e+01 2.072005730659024039e+02 -2.111166646218599841e+00 2.902581092675249863e+01 -1.249590335434369948e+01
3.800000000000000000e+01 2.129283667621774896e+02 -2.063538607446000039e+00 2.898800080517030153e+01 -1.205216195584369920e+01
3.900000000000000000e+01 2.186561604584524900e+02 -2.018242654187099916e+00 2.894479712901389945e+01 -1.163166855712360004e+01
4.000000000000000000e+01 2.243839541547276042e+02 -1.975293083423200091e+00 2.889649301430990036e+01 -1.123264282036340056e+01
4.100000000000000000e+01 2.301117478510026046e+02 -1.934667921973199922e+00 2.884341847241499934e+01 -1.085348166784119961e+01
4.200000000000000000e+01 2.358395415472776904e+02 -1.896317562758399911e+00 2.878592754360460049e+01 -1.049273775650789986e+01
4.300000000000000000e+01 2.415673352435526908e+02 -1.860171885760899979e+00 2.872438767364819867e+01 -1.014910101489379990e+01
4.400000000000000000e+01 2.472951289398278050e+02 -1.826146083840300083e+00 2.865917105345030080e+01 -9.821382745842200279e+00
4.500000000000000000e+01 2.530229226361028907e+02 -1.794145389628700071e+00 2.859064769577879872e+01 -9.508501888484900633e+00
4.600000000000000000e+01 2.587507163323779196e+02 -1.764068864786100033e+00 2.851918002126139839e+01 -9.209473104875300464e+00
4.700000000000000000e+01 2.644785100286529769e+02 -1.735812406641199956e+00 2.844511867994300047e+01 -8.923396414663200105e+00
4.800000000000000000e+01 2.702063037249279773e+02 -1.709271101805200033e+00 2.836879950307960030e+01 -8.649448148105600254e+00
4.900000000000000000e+01 2.759340974212030915e+02 -1.684341036253899970e+00 2.829054130665339883e+01 -8.386873025852899843e+00
5.000000000000000000e+01 2.816618911174780919e+02 -1.660920658605699929e+00 2.821064447080220106e+01 -8.134977205113500531e+00
5.100000000000000000e+01 2.873896848137532061e+02 -1.638911781329200013e+00 2.812939010749930091e+01 -7.893122157376000203e+00
5.200000000000000000e+01 2.931174785100283202e+02 -1.618220285159799987e+00 2.804703970562309934e+01 -7.660719263941199841e+00
5.300000000000000000e+01 2.988452722063033207e+02 -1.598756587834899934e+00 2.796383519137109985e+01 -7.437225032960300020e+00
5.400000000000000000e+01 3.045730659025783780e+02 -1.580435920631100055e+00 2.787999924087380066e+01 -7.222136856162600260e+00
5.500000000000000000e+01 3.103008595988533784e+02 -1.563178468011400035e+00 2.779573586550910136e+01 -7.014989235538600099e+00
5.600000000000000000e+01 3.160286532951284926e+02 -1.546909378596800000e+00 2.771123111518999949e+01 -6.815350420355200001e+00
5.700000000000000000e+01 3.217564469914034930e+02 -1.531558703656999976e+00 2.762665394332400126e+01 -6.622819403370299618e+00
5.800000000000000000e+01 3.274842406876786072e+02 -1.517061260904799980e+00 2.754215711900030072e+01 -6.437023232270499662e+00
5.900000000000000000e+01 3.332120343839537213e+02 -1.503356459701600034e+00 2.745787818987900053e+01 -6.257614598401000094e+00
6.000000000000000000e+01 3.389398280802287218e+02 -1.490388089105900038e+00 2.737394046833550121e+01 -6.084269669986100304e+00
6.100000000000000000e+01 3.446676217765037791e+02 -1.478104088251400050e+00 2.729045400896249873e+01 -5.916686141398299625e+00
6.200000000000000000e+01 3.503954154727787795e+02 -1.466456305951300054e+00 2.720751658596179823e+01 -5.754581473755900234e+00
6.300000000000000000e+01 3.561232091690538937e+02 -1.455400253889399975e+00 2.712521461754149854e+01 -5.597691305306700116e+00
6.400000000000000000e+01 3.618510028653290078e+02 -1.444894865880899992e+00 2.704362408145070162e+01 -5.445768012785699774e+00
6.500000000000000000e+01 3.675787965616040083e+02 -1.434902254582300030e+00 2.696281136419479907e+01 -5.298579407277999920e+00
6.600000000000000000e+01 3.733065902578791224e+02 -1.425387481985499916e+00 2.688283408243719919e+01 -5.155907550141700213e+00
6.700000000000000000e+01 3.790343839541541229e+02 -1.416318339792399961e+00 2.680374184946949967e+01 -5.017547676289900060e+00
6.800000000000000000e+01 3.847621776504291802e+02 -1.407665136810900108e+00 2.672557699053329827e+01 -4.883307213644799916e+00
6.900000000000000000e+01 3.904899713467041806e+02 -1.399400502942599989e+00 2.664837521513119967e+01 -4.753004888888799684e+00
7.000000000000000000e+01 3.962177650429792948e+02 -1.391499203457400080e+00 2.657216624297799967e+01 -4.626469910780000028e+00
7.100000000000000000e+01 4.019455587392544089e+02 -1.383937965883700105e+00 2.649697437529849964e+01 -4.503541223295400187e+00
7.200000000000000000e+01 4.076733524355294094e+02 -1.376695319112400062e+00 2.642281902801489935e+01 -4.384066821733900277e+00
7.300000000000000000e+01 4.134011461318045235e+02 -1.369751445747299901e+00 2.634971522330179994e+01 -4.267903125672500408e+00
7.400000000000000000e+01 4.191289398280795240e+02 -1.363088043249599979e+00 2.627767403650599931e+01 -4.154914403337899742e+00
7.500000000000000000e+01 4.248567335243545813e+02 -1.356688199087699997e+00 2.620670301373580102e+01 -4.044972242540300300e+00
7.600000000000000000e+01 4.305845272206295817e+02 -1.350536272624200063e+00 2.613680654301269968e+01 -3.937955063834400082e+00
7.700000000000000000e+01 4.363123209169046959e+02 -1.344617792981799953e+00 2.606798620323530002e+01 -3.833747672027600029e+00
7.800000000000000000e+01 4.420401146131798100e+02 -1.338919354808199902e+00 2.600024106793890155e+01 -3.732240842555099913e+00
7.900000000000000000e+01 4.477679083094548105e+02 -1.333428534167300006e+00 2.593356800684230024e+01 -3.633330939602700038e+00
8.000000000000000000e+01 4.534957020057299246e+02 -1.328133807542299927e+00 2.586796193566890167e+01 -3.536919563168400060e+00
8.100000000000000000e+01 4.592234957020049251e+02 -1.323024471397399981e+00 2.580341604742449846e+01 -3.442913222536200024e+00
8.200000000000000000e+01 4.649512893982799824e+02 -1.318090580243999943e+00 2.573992203326639938e+01 -3.351223033886300051e+00
8.300000000000000000e+01 4.706790830945549828e+02 -1.313322881587899893e+00 2.567747027068120147e+01 -3.261764439982799857e+00
8.400000000000000000e+01 4.764068767908300970e+02 -1.308712760731199909e+00 2.561604999697609841e+01 -3.174456950083900164e+00
8.500000000000000000e+01 4.821346704871052111e+02 -1.304252187059500079e+00 2.555564947528669961e+01 -3.089223898390399903e+00
8.600000000000000000e+01 4.878624641833802116e+02 -1.299933670185299928e+00 2.549625612418549991e+01 -3.005992219509999952e+00
8.700000000000000000e+01 4.935902578796553257e+02 -1.295750213689399910e+00 2.543785664505400135e+01 -2.924692239556100137e+00
8.800000000000000000e+01 4.993180515759303262e+02 -1.291695278001999903e+00 2.538043715125530042e+01 -2.845257481623399975e+00
8.900000000000000000e+01 5.050458452722053835e+02 -1.287762745672800024e+00 2.532398326046889991e+01 -2.767624484501100213e+00
9.000000000000000000e+01 5.107736389684803839e+02 -1.283946883783100068e+00 2.526848017975369842e+01 -2.691732633583800105e+00
9.100000000000000000e+01 5.165014326647554981e+02 -1.280242320515599941e+00 2.521391280576060012e+01 -2.617524003032599911e+00
9.200000000000000000e+01 5.222292263610305554e+02 -1.276644015059499981e+00 2.516026578111290135e+01 -2.544943208323700023e+00
9.300000000000000000e+01 5.279570200573056127e+02 -1.273147231169799998e+00 2.510752357117409872e+01 -2.473937268394999833e+00
9.400000000000000000e+01 5.336848137535806700e+02 -1.269747517265799930e+00 2.505567051845880044e+01 -2.404455476669999925e+00
9.500000000000000000e+01 5.394126074498557273e+02 -1.266440685284800027e+00 2.500469089713709891e+01 -2.336449280298800169e+00
9.600000000000000000e+01 5.451404011461307846e+02 -1.263222787629100008e+00 2.495456894908049961e+01 -2.269872167011799835e+00
9.700000000000000000e+01 5.508681948424058419e+02 -1.260090106018499911e+00 2.490528894774519841e+01 -2.204679559032399982e+00
9.800000000000000000e+01 5.565959885386808992e+02 -1.257039129864899962e+00 2.485683519912199912e+01 -2.140828713540400052e+00
9.900000000000000000e+01 5.623237822349559565e+02 -1.254066546540099969e+00 2.480919210748480097e+01 -2.078278629217999995e+00
1.000000000000000000e+02 5.680515759312310138e+02 -1.251169223945999942e+00 2.476234418322630049e+01 -2.016989958449700193e+00
1.010000000000000000e+02 5.737793696275060711e+02 -1.248344198172200104e+00 2.471627607079850009e+01 -1.956924924781900055e+00
1.020000000000000000e+02 5.795071633237811284e+02 -1.245588665458100097e+00 2.467097257639819929e+01 -1.898047245276399897e+00
1.030000000000000000e+02 5.852349570200561857e+02 -1.242899969596400034e+00 2.462641867141860175e+01 -1.840322057423900093e+00
1.040000000000000000e+02 5.909627507163312430e+02 -1.240275590776299897e+00 2.458259952293159856e+01 -1.783715850308200013e+00
1.050000000000000000e+02 5.966905444126063003e+02 -1.237713138532199997e+00 2.453950050003939864e+01 -1.728196399734200028e+00
1.060000000000000000e+02 6.024183381088813576e+02 -1.235210344686900052e+00 2.449710718522720043e+01 -1.673732707057800084e+00
1.070000000000000000e+02 6.081461318051564149e+02 -1.232765050558199960e+00 2.445540538158400068e+01 -1.620294941471100092e+00
1.080000000000000000e+02 6.138739255014314722e+02 -1.230375207199799981e+00 2.441438112280859940e+01 -1.567854385520399907e+00
1.090000000000000000e+02 6.196017191977065295e+02 -1.228038864728199897e+00 2.437402068997990057e+01 -1.516383383644400062e+00
1.100000000000000000e+02 6.253295128939815868e+02 -1.225754162058799945e+00 2.433431058484699960e+01 -1.465855293542200011e+00
1.110000000000000000e+02 6.310573065902566441e+02 -1.223519330769299973e+00 2.429523757085609859e+01 -1.416244440188400011e+00
1.120000000000000000e+02 6.367851002865317014e+02 -1.221332684467999918e+00 2.425678865584680111e+01 -1.367526072330800035e+00
1.130000000000000000e+02 6.425128939828067587e+02 -1.219192611662500036e+00 2.421895109032480065e+01 -1.319676321314799949e+00
1.140000000000000000e+02 6.482406876790818160e+02 -1.217097576757999899e+00 2.418171238202230100e+01 -1.272672162090300096e+00
1.150000000000000000e+02 6.539684813753568733e+02 -1.215046110655799927e+00 2.414506028094740131e+01 -1.226491376268600053e+00
1.160000000000000000e+02 6.596962750716319306e+02 -1.213036812762900096e+00 2.410898279063820127e+01 -1.181112517102800075e+00
1.170000000000000000e+02 6.654240687679069879e+02 -1.211068340800099952e+00 2.407346816633630127e+01 -1.136514876277900044e+00
1.180000000000000000e+02 6.711518624641820452e+02 -1.209139411893799920e+00 2.403850490143529939e+01 -1.092678452400400069e+00
1.190000000000000000e+02 6.768796561604571025e+02 -1.207248797858599954e+00 2.400408173628839847e+01 -1.049583921088500071e+00
1.200000000000000000e+02 6.826074498567321598e+02 -1.205395321549199927e+00 2.397018765846179988e+01 -1.007212606567799984e+00
1.210000000000000000e+02 6.883352435530072171e+02 -1.203577857134999984e+00 2.393681188854120023e+01 -9.655464546855999641e-01
1.220000000000000000e+02 6.940630372492822744e+02 -1.201795323208799893e+00 2.390394388233769973e+01 -9.245680072602999733e-01
1.230000000000000000e+02 6.997908309455573317e+02 -1.200046683785300106e+00 2.387157332797089992e+01 -8.842603776923000369e-01
1.240000000000000000e+02 7.055186246418323890e+02 -1.198330942886500106e+00 2.383969015482329823e+01 -8.446072277609000256e-01
1.250000000000000000e+02 7.112464183381074463e+02 -1.196647147057599891e+00 2.380828449708679884e+01 -8.055927455439999552e-01
1.260000000000000000e+02 7.169742120343825036e+02 -1.194994378242900002e+00 2.377734672539979854e+01 -7.672016243952000103e-01
1.270000000000000000e+02 7.227020057306575609e+02 -1.193371757076900019e+00 2.374686742422460028e+01 -7.294190429210000159e-01
1.280000000000000000e+02 7.284297994269326182e+02 -1.191778433193900089e+00 2.371683739180960160e+01 -6.922306459025999725e-01
1.290000000000000000e+02 7.341575931232076755e+02 -1.190213593191800090e+00 2.368724762909749870e+01 -6.556225261108999947e-01
1.300000000000000000e+02 7.398853868194827328e+02 -1.188676453865799898e+00 2.365808935433929960e+01 -6.195812069656000398e-01
1.310000000000000000e+02 7.456131805157577901e+02 -1.187166259729599993e+00 2.362935397972239926e+01 -5.840936259944999875e-01
1.320000000000000000e+02 7.513409742120328474e+02 -1.185682283774800005e+00 2.360103311398979997e+01 -5.491471190484999987e-01
1.330000000000000000e+02 7.570687679083079047e+02 -1.184223827074899926e+00 2.357311856466009914e+01 -5.147294052337999526e-01
1.340000000000000000e+02 7.627965616045829620e+02 -1.182790213427000081e+00 2.354560231769000112e+01 -4.808285725224999974e-01
1.350000000000000000e+02 7.685243553008580193e+02 -1.181380794887799901e+00 2.351847655270740134e+01 -4.474330640070999787e-01
1.360000000000000000e+02 7.742521489971330766e+02 -1.179994943603899893e+00 2.349173362747690064e+01 -4.145316647644000096e-01
1.370000000000000000e+02 7.799799426934081339e+02 -1.178632052831299903e+00 2.346536607257819895e+01 -3.821134892993999777e-01
1.380000000000000000e+02 7.857077363896831912e+02 -1.177291541820600029e+00 2.343936659584629822e+01 -3.501679695368999923e-01
1.390000000000000000e+02 7.914355300859582485e+02 -1.175972843880199958e+00 2.341372806858310085e+01 -3.186848433359000254e-01
1.400000000000000000e+02 7.971633237822333058e+02 -1.174675417114700027e+00 2.338844353105400131e+01 -2.876541434982999856e-01
1.410000000000000000e+02 8.028911174785083631e+02 -1.173398735944900073e+00 2.336350618420010150e+01 -2.570661872482999932e-01
1.420000000000000000e+02 8.086189111747834204e+02 -1.172142291437400008e+00 2.333890938292130102e+01 -2.269115661591999955e-01
1.430000000000000000e+02 8.143467048710584777e+02 -1.170905592345999890e+00 2.331464662490520112e+01 -1.971811365048999898e-01
1.440000000000000000e+02 8.200744985673335350e+02 -1.169688163793699998e+00 2.329071158106960127e+01 -1.678660100160999924e-01
1.450000000000000000e+02 8.258022922636085923e+02 -1.168489548283800028e+00 2.326709805053749847e+01 -1.389575450206000096e-01
1.460000000000000000e+02 8.315300859598836496e+02 -1.167309300502900049e+00 2.324379997417689836e+01 -1.104473379506999975e-01
1.470000000000000000e+02 8.372578796561587069e+02 -1.166146990914300074e+00 2.322081143941590042e+01 -8.232721519850000336e-02
1.480000000000000000e+02 8.429856733524337642e+02 -1.165002201971399920e+00 2.319812666024310133e+01 -5.458922530319999800e-02
1.490000000000000000e+02 8.487134670487088215e+02 -1.163874531949999902e+00 2.317573999312880062e+01 -2.722563145519999936e-02
1.500000000000000000e+02 8.544412607449838788e+02 -1.162763590706499928e+00 2.315364591526569882e+01 -2.289043012999999939e-04
1.510000000000000000e+02 8.601690544412589361e+02 -1.161668999157200011e+00 2.313183903054720147e+01 2.640828496210000098e-02
1.520000000000000000e+02 8.658968481375339934e+02 -1.160590389846499981e+00 2.311031406248610054e+01 5.269307122269999838e-02
1.530000000000000000e+02 8.716246418338090507e+02 -1.159527408810899995e+00 2.308906585843579862e+01 7.863240182300000602e-02
1.540000000000000000e+02 8.773524355300841080e+02 -1.158479712117000071e+00 2.306808938337080050e+01 1.042330426828999984e-01
1.550000000000000000e+02 8.830802292263591653e+02 -1.157446963378200078e+00 2.304737970894089827e+01 1.295015841832000136e-01
1.560000000000000000e+02 8.888080229226342226e+02 -1.156428840218300058e+00 2.302693202471720113e+01 1.544444468214999922e-01
1.570000000000000000e+02 8.945358166189092799e+02 -1.155425026134299982e+00 2.300674162021460134e+01 1.790678866512999956e-01
1.580000000000000000e+02 9.002636103151843372e+02 -1.154435215827599892e+00 2.298680389149339831e+01 2.033780005134999957e-01
1.590000000000000000e+02 9.059914040114593945e+02 -1.153459114461000024e+00 2.296711434796549867e+01 2.273807310686999927e-01
1.600000000000000000e+02 9.117191977077344518e+02 -1.152496431253100084e+00 2.294766858300640067e+01 2.510818716407000051e-01
1.610000000000000000e+02 9.174469914040095091e+02 -1.151546887125900032e+00 2.292846229751379994e+01 2.744870708780000057e-01
1.620000000000000000e+02 9.231747851002845664e+02 -1.150610211225499890e+00 2.290949128477399910e+01 2.976018372420999869e-01
1.630000000000000000e+02 9.289025787965596237e+02 -1.149686137450699919e+00 2.289075143015219993e+01 3.204315433293999926e-01
1.640000000000000000e+02 9.346303724928346810e+02 -1.148774407753599958e+00 2.287223870921599911e+01 3.429814300347999723e-01
1.650000000000000000e+02 9.403581661891097383e+02 -1.147874774189100000e+00 2.285394918659709873e+01 3.652566105621999903e-01
1.660000000000000000e+02 9.460859598853847956e+02 -1.146986990904999892e+00 2.283587901085660121e+01 3.872620742899000046e-01
1.670000000000000000e+02 9.518137535816598529e+02 -1.146110823732900075e+00 2.281802441523119995e+01 4.090026904969000232e-01
1.680000000000000000e+02 9.575415472779349102e+02 -1.145246039567400009e+00 2.280038171531590052e+01 4.304832119543999802e-01
1.690000000000000000e+02 9.632693409742099675e+02 -1.144392413959399946e+00 2.278294730738760165e+01 4.517082783897000131e-01
1.700000000000000000e+02 9.689971346704850248e+02 -1.143549728940500110e+00 2.276571766228689953e+01 4.726824198276999844e-01
1.710000000000000000e+02 9.747249283667600821e+02 -1.142717773633699974e+00 2.274868932846120018e+01 4.934100598135999771e-01
1.720000000000000000e+02 9.804527220630351394e+02 -1.141896336227500086e+00 2.273185892803600083e+01 5.138955185235000167e-01
1.730000000000000000e+02 9.861805157593101967e+02 -1.141085215525299956e+00 2.271522315791310120e+01 5.341430157661000155e-01
1.740000000000000000e+02 9.919083094555852540e+02 -1.140284214599599943e+00 2.269877878028049878e+01 5.541566738808000325e-01
1.750000000000000000e+02 9.976361031518603113e+02 -1.139493142168900075e+00 2.268252262723580159e+01 5.739405205351999495e-01
1.760000000000000000e+02 1.003363896848135369e+03 -1.138711808229200040e+00 2.266645160227960076e+01 5.934984914280999613e-01
1.770000000000000000e+02 1.009091690544410426e+03 -1.137940029029500089e+00 2.265056267099370046e+01 6.128344328989999701e-01
1.780000000000000000e+02 1.014819484240685483e+03 -1.137177627513699996e+00 2.263485285587080043e+01 6.319521044502000029e-01
1.790000000000000000e+02 1.020547277936960541e+03 -1.136424427131099923e+00 2.261931926023849826e+01 6.508551811835999734e-01
1.800000000000000000e+02 1.026275071633235711e+03 -1.135680256085400019e+00 2.260395902911439947e+01 6.695472561559000502e-01
1.810000000000000000e+02 1.032002865329510769e+03 -1.134944950000400077e+00 2.258876937836739884e+01 6.880318426553999611e-01
1.820000000000000000e+02 1.037730659025785826e+03 -1.134218343843500065e+00 2.257374757595820114e+01 7.063123764036000063e-01
1.830000000000000000e+02 1.043458452722060883e+03 -1.133500278330600075e+00 2.255889095051950122e+01 7.243922176839999727e-01
1.840000000000000000e+02 1.049186246418335941e+03 -1.132790599171699997e+00 2.254419687715190079e+01 7.422746534013000552e-01
1.850000000000000000e+02 1.054914040114610998e+03 -1.132089148780500043e+00 2.252966279746840073e+01 7.599628990733999778e-01
1.860000000000000000e+02 1.060641833810886055e+03 -1.131395782790199922e+00 2.251528619882279969e+01 7.774601007589999613e-01
1.870000000000000000e+02 1.066369627507161113e+03 -1.130710352106500061e+00 2.250106462249799932e+01 7.947693369231999538e-01
1.880000000000000000e+02 1.072097421203436170e+03 -1.130032713969300051e+00 2.248699565253070176e+01 8.118936202430000471e-01
1.890000000000000000e+02 1.077825214899711227e+03 -1.129362727649900089e+00 2.247307693474600043e+01 8.288358993551999676e-01
1.900000000000000000e+02 1.083553008595986284e+03 -1.128700256679600056e+00 2.245930614708809969e+01 8.455990605494000389e-01
1.910000000000000000e+02 1.089280802292261342e+03 -1.128045165481500023e+00 2.244568103253930147e+01 8.621859294067999446e-01
1.920000000000000000e+02 1.095008595988536399e+03 -1.127397318939100002e+00 2.243219936330579856e+01 8.785992723882000144e-01
1.930000000000000000e+02 1.100736389684811456e+03 -1.126756593522100003e+00 2.241885896808570067e+01 8.948417983723999658e-01
1.940000000000000000e+02 1.106464183381086514e+03 -1.126122855213000040e+00 2.240565771425579911e+01 9.109161601459999646e-01
1.950000000000000000e+02 1.112191977077361571e+03 -1.125495984097300006e+00 2.239259350871959953e+01 9.268249558483999673e-01
1.960000000000000000e+02 1.117919770773636628e+03 -1.124875854042099999e+00 2.237966430093759840e+01 9.425707303714999652e-01
1.970000000000000000e+02 1.123647564469911686e+03 -1.124262347376600024e+00 2.236686808616149946e+01 9.581559767166000219e-01
1.980000000000000000e+02 1.129375358166186743e+03 -1.123655341537799890e+00 2.235420290028089951e+01 9.735831373108000397e-01
1.990000000000000000e+02 1.135103151862461800e+03 -1.123054726625700050e+00 2.234166680877880040e+01 9.888546052826999722e-01
2.000000000000000000e+02 1.140830945558736857e+03 -1.122460383713500098e+00 2.232925791937779891e+01 1.003972725699699975e+00
2.010000000000000000e+02 1.146558739255011915e+03 -1.121872201598999919e+00 2.231697438203540074e+01 1.018939796769100070e+00
2.020000000000000000e+02 1.152286532951286972e+03 -1.121290070431000041e+00 2.230481438187250021e+01 1.033758071002099932e+00
2.030000000000000000e+02 1.158014326647562029e+03 -1.120713880777600036e+00 2.229277612794770036e+01 1.048429756344499975e+00
2.040000000000000000e+02 1.163742120343837087e+03 -1.120143527004300088e+00 2.228085788033709846e+01 1.062957017273000071e+00
2.050000000000000000e+02 1.169469914040112144e+03 -1.119578902761199979e+00 2.226905792184230037e+01 1.077341975859900103e+00
2.060000000000000000e+02 1.175197707736387201e+03 -1.119019904948399979e+00 2.225737456851370055e+01 1.091586712806599913e+00
2.070000000000000000e+02 1.180925501432662259e+03 -1.118466431819699958e+00 2.224580617406829930e+01 1.105693268446499955e+00
2.080000000000000000e+02 1.186653295128937316e+03 -1.117918381344799927e+00 2.223435112830140170e+01 1.119663643719599921e+00
2.090000000000000000e+02 1.192381088825212373e+03 -1.117375658327000032e+00 2.222300783713100003e+01 1.133499801118700079e+00
2.100000000000000000e+02 1.198108882521487430e+03 -1.116838161372899929e+00 2.221177474818049902e+01 1.147203665608000023e+00
2.110000000000000000e+02 1.203836676217762488e+03 -1.116305797375700015e+00 2.220065032993829846e+01 1.160777125516400110e+00
2.120000000000000000e+02 1.209564469914037545e+03 -1.115778471816700090e+00 2.218963309817220164e+01 1.174222033404600074e+00
2.130000000000000000e+02 1.215292263610312602e+03 -1.115256090847100090e+00 2.217872157223640173e+01 1.187540206908000107e+00
2.140000000000000000e+02 1.221020057306587660e+03 -1.114738561609599943e+00 2.216791431315159855e+01 1.200733429556199994e+00
2.150000000000000000e+02 1.226747851002862717e+03 -1.114225795497999938e+00 2.215720991106369908e+01 1.213803451568600034e+00
2.160000000000000000e+02 1.232475644699137774e+03 -1.113717701054800058e+00 2.214660697405210144e+01 1.226751990629300071e+00
2.170000000000000000e+02 1.238203438395412832e+03 -1.113214194838900051e+00 2.213610414038889829e+01 1.239580732638700056e+00
2.180000000000000000e+02 1.243931232091687889e+03 -1.112715186105400100e+00 2.212570007313469844e+01 1.252291332445800043e+00
2.190000000000000000e+02 1.249659025787962946e+03 -1.112220588682699907e+00 2.211539346344330070e+01 1.264885414559699939e+00
2.200000000000000000e+02 1.255386819484238003e+03 -1.111730318640000048e+00 2.210518301550030174e+01 1.277364573841899942e+00
2.210000000000000000e+02 1.261114613180513061e+03 -1.111244296700999890e+00 2.209506747793480130e+01 1.289730376179099913e+00
2.220000000000000000e+02 1.266842406876788118e+03 -1.110762436553700105e+00 2.208504560054970156e+01 1.301984359138899983e+00
2.230000000000000000e+02 1.272570200573063175e+03 -1.110284658040199934e+00 2.207511616278749855e+01 1.314128032606300067e+00
2.240000000000000000e+02 1.278297994269338233e+03 -1.109810883038099938e+00 2.206527797319409956e+01 1.326162879404799932e+00
2.250000000000000000e+02 1.284025787965613290e+03 -1.109341031683199974e+00 2.205552985442519898e+01 1.338090355899199890e+00
2.260000000000000000e+02 1.289753581661888347e+03 -1.108875024507399942e+00 2.204587065529450030e+01 1.349911892583699924e+00
2.270000000000000000e+02 1.295481375358163405e+03 -1.108412787369599917e+00 2.203629923236309907e+01 1.361628894653299948e+00
2.280000000000000000e+02 1.301209169054438462e+03 -1.107954243461499955e+00 2.202681448633699901e+01 1.373242742561100016e+00
2.290000000000000000e+02 1.306936962750713519e+03 -1.107499319248600012e+00 2.201741531598289825e+01 1.384754792560199954e+00
2.300000000000000000e+02 1.312664756446988576e+03 -1.107047938612599980e+00 2.200810064947850009e+01 1.396166377231599975e+00
2.310000000000000000e+02 1.318392550143263634e+03 -1.106600031483099933e+00 2.199886943392050043e+01 1.407478805998799931e+00
2.320000000000000000e+02 1.324120343839538691e+03 -1.106155524009700075e+00 2.198972062658399906e+01 1.418693365628100000e+00
2.330000000000000000e+02 1.329848137535813748e+03 -1.105714349078299907e+00 2.198065321297649888e+01 1.429811320717299994e+00
2.340000000000000000e+02 1.335575931232088806e+03 -1.105276432827100086e+00 2.197166618528149939e+01 1.440833914170200014e+00
2.350000000000000000e+02 1.341303724928363863e+03 -1.104841708685599944e+00 2.196275857104220108e+01 1.451762367660399899e+00
2.360000000000000000e+02 1.347031518624638920e+03 -1.104410109865000100e+00 2.195392939648069941e+01 1.462597882082500078e+00
2.370000000000000000e+02 1.352759312320913978e+03 -1.103981566406299963e+00 2.194517770825600067e+01 1.473341637992100051e+00
2.380000000000000000e+02 1.358487106017189035e+03 -1.103556016559400055e+00 2.193650257897139966e+01 1.483994796034199926e+00
2.390000000000000000e+02 1.364214899713464092e+03 -1.103133394314600002e+00 2.192790308017839962e+01 1.494558497361599958e+00
2.400000000000000000e+02 1.369942693409739150e+03 -1.102713634529199904e+00 2.191937832032629885e+01 1.505033864042500058e+00
2.410000000000000000e+02 1.375670487106014207e+03 -1.102296674408199895e+00 2.191092740345240131e+01 1.515421999457100100e+00
2.420000000000000000e+02 1.381398280802289264e+03 -1.101882453750999913e+00 2.190254945762579908e+01 1.525723988685800059e+00
2.430000000000000000e+02 1.387126074498564321e+03 -1.101470907858600023e+00 2.189424362511149980e+01 1.535940898886700046e+00
2.440000000000000000e+02 1.392853868194839379e+03 -1.101061982713400056e+00 2.188600905575540168e+01 1.546073779664000059e+00
2.450000000000000000e+02 1.398581661891114436e+03 -1.100655613267500055e+00 2.187784492427880068e+01 1.556123663427599890e+00
2.460000000000000000e+02 1.404309455587389493e+03 -1.100251744637799955e+00 2.186975041179979939e+01 1.566091565743900071e+00
2.470000000000000000e+02 1.410037249283664551e+03 -1.099850320725300090e+00 2.186172470616969932e+01 1.575978485677500096e+00
2.480000000000000000e+02 1.415765042979939608e+03 -1.099451282027299914e+00 2.185376702463650034e+01 1.585785406125300057e+00
2.490000000000000000e+02 1.421492836676214665e+03 -1.099054574128299988e+00 2.184587658533689947e+01 1.595513294142399952e+00
2.500000000000000000e+02 1.427220630372489723e+03 -1.098660145797299981e+00 2.183805261879039961e+01 1.605163101259500014e+00
2.510000000000000000e+02 1.432948424068764780e+03 -1.098267938764700080e+00 2.183029436783429844e+01 1.614735763793500034e+00
2.520000000000000000e+02 1.438676217765039837e+03 -1.097877904253999892e+00 2.182260109303939899e+01 1.624232203150300036e+00
2.530000000000000000e+02 1.444404011461314894e+03 -1.097489989627000062e+00 2.181497206062239869e+01 1.633653326120499960e+00
2.540000000000000000e+02 1.450131805157589952e+03 -1.097104144671199988e+00 2.180740655699339925e+01 1.643000025167800082e+00
2.550000000000000000e+02 1.455859598853865009e+03 -1.096720318148199924e+00 2.179990385901820105e+01 1.652273178711300083e+00
2.560000000000000000e+02 1.461587392550140066e+03 -1.096338465242199911e+00 2.179246327384209891e+01 1.661473651400199980e+00
2.570000000000000000e+02 1.467315186246415124e+03 -1.095958534511900062e+00 2.178508411858739890e+01 1.670602294382699915e+00
2.580000000000000000e+02 1.473042979942690181e+03 -1.095580479929499917e+00 2.177776570660000033e+01 1.679659945568799939e+00
2.590000000000000000e+02 1.478770773638965238e+03 -1.095204258923700102e+00 2.177050736657719909e+01 1.688647429886100060e+00
2.600000000000000000e+02 1.484498567335240296e+03 -1.094829823540899971e+00 2.176330845085779941e+01 1.697565559530900048e+00
2.610000000000000000e+02 1.490226361031515353e+03 -1.094457131342799983e+00 2.175616830258610079e+01 1.706415134212299956e+00
2.620000000000000000e+02 1.495954154727790410e+03 -1.094086139173700012e+00 2.174908628346900130e+01 1.715196941391800012e+00
2.630000000000000000e+02 1.501681948424065467e+03 -1.093716806787699891e+00 2.174206176544049995e+01 1.723911756516300020e+00
2.640000000000000000e+02 1.507409742120340525e+03 -1.093349088846299999e+00 2.173509411592279861e+01 1.732560343246799972e+00
2.650000000000000000e+02 1.513137535816615582e+03 -1.092982951161999949e+00 2.172818273783089893e+01 1.741143453681400111e+00
2.660000000000000000e+02 1.518865329512890639e+03 -1.092618352186899955e+00 2.172132701242070141e+01 1.749661828573100042e+00
2.670000000000000000e+02 1.524593123209165697e+03 -1.092255252593200110e+00 2.171452635280460086e+01 1.758116197543099890e+00
2.680000000000000000e+02 1.530320916905440754e+03 -1.091893618674399935e+00 2.170778015978470066e+01 1.766507279289200039e+00
2.690000000000000000e+02 1.536048710601715811e+03 -1.091533412700200101e+00 2.170108786780239996e+01 1.774835781789199984e+00
2.700000000000000000e+02 1.541776504297990869e+03 -1.091174596890500004e+00 2.169444889016940081e+01 1.783102402500299943e+00
2.710000000000000000e+02 1.547504297994265926e+03 -1.090817144213900081e+00 2.168786267067870099e+01 1.791307828553500014e+00
2.720000000000000000e+02 1.553232091690540983e+03 -1.090461013600799944e+00 2.168132865162570155e+01 1.799452736944400000e+00
2.730000000000000000e+02 1.558959885386816040e+03 -1.090106180502899980e+00 2.167484627777060169e+01 1.807537794718999891e+00
2.740000000000000000e+02 1.564687679083091098e+03 -1.089752608401099998e+00 2.166841501286589988e+01 1.815563659156099963e+00
2.750000000000000000e+02 1.570415472779366155e+03 -1.089400267772000053e+00 2.166203431115510014e+01 1.823530977945200027e+00
2.760000000000000000e+02 1.576143266475641212e+03 -1.089049130896299955e+00 2.165570365353400106e+01 1.831440389361000065e+00
2.770000000000000000e+02 1.581871060171916270e+03 -1.088699170811000094e+00 2.164942250972540094e+01 1.839292522433300103e+00
2.780000000000000000e+02 1.587598853868191327e+03 -1.088350357320799988e+00 2.164319036205479918e+01 1.847087997114700064e+00
2.790000000000000000e+02 1.593326647564466384e+03 -1.088002667518199962e+00 2.163700670879450172e+01 1.854827424442800021e+00
2.800000000000000000e+02 1.599054441260741442e+03 -1.087656070878000092e+00 2.163087103971420078e+01 1.862511406700499972e+00
2.810000000000000000e+02 1.604782234957016499e+03 -1.087310550301100021e+00 2.162478286239679903e+01 1.870140537571900019e+00
2.820000000000000000e+02 1.610510028653291556e+03 -1.086966074928999992e+00 2.161874167752990061e+01 1.877715402295399905e+00
2.830000000000000000e+02 1.616237822349566613e+03 -1.086622626397699909e+00 2.161274700182750053e+01 1.885236577813200087e+00
2.840000000000000000e+02 1.621965616045841671e+03 -1.086280183992899939e+00 2.160679836440840162e+01 1.892704632917999952e+00
2.850000000000000000e+02 1.627693409742116728e+03 -1.085938724805300071e+00 2.160089527852660041e+01 1.900120128396100005e+00
2.860000000000000000e+02 1.633421203438391785e+03 -1.085598229699300088e+00 2.159503727676510110e+01 1.907483617168099999e+00
2.870000000000000000e+02 1.639148997134666843e+03 -1.085258679641200041e+00 2.158922390285189863e+01 1.914795644426100063e+00
2.880000000000000000e+02 1.644876790830941900e+03 -1.084920057957099893e+00 2.158345468921169896e+01 1.922056747768299934e+00
2.890000000000000000e+02 1.650604584527216957e+03 -1.084582346892899896e+00 2.157772919162090020e+01 1.929267457330599900e+00
2.900000000000000000e+02 1.656332378223492015e+03 -1.084245532404499945e+00 2.157204694886009833e+01 1.936428295916200026e+00
2.910000000000000000e+02 1.662060171919767072e+03 -1.083909596439400103e+00 2.156640753261009991e+01 1.943539779121300048e+00
2.920000000000000000e+02 1.667787965616042129e+03 -1.083574524939000083e+00 2.156081049706209996e+01 1.950602415459200101e+00
2.930000000000000000e+02 1.673515759312317186e+03 -1.083240307320900042e+00 2.155525540572719834e+01 1.957616706481299929e+00
2.940000000000000000e+02 1.679243553008592244e+03 -1.082906928819499903e+00 2.154974183191810155e+01 1.964583146896099919e+00
2.950000000000000000e+02 1.684971346704867301e+03 -1.082574379025400102e+00 2.154426935391120068e+01 1.971502224685300009e+00
2.960000000000000000e+02 1.690699140401142358e+03 -1.082242645428900030e+00 2.153883754369460135e+01 1.978374421217999890e+00
2.970000000000000000e+02 1.696426934097417416e+03 -1.081911720206599981e+00 2.153344598932870113e+01 1.985200211361699996e+00
2.980000000000000000e+02 1.702154727793692473e+03 -1.081581594066499896e+00 2.152809428124550095e+01 1.991980063592700079e+00
2.990000000000000000e+02 1.707882521489967530e+03 -1.081252257884599999e+00 2.152278201580019967e+01 1.998714440102199896e+00
3.000000000000000000e+02 1.713610315186242588e+03 -1.080923704493000015e+00 2.151750877906160042e+01 2.005403796902200053e+00
3.010000000000000000e+02 1.719338108882517645e+03 -1.080595929175099945e+00 2.151227417959839983e+01 2.012048583927899870e+00
3.020000000000000000e+02 1.725065902578792702e+03 -1.080268924055099999e+00 2.150707781894480064e+01 2.018649245138799841e+00
3.030000000000000000e+02 1.730793696275067759e+03 -1.079942684254000085e+00 2.150191931024399850e+01 2.025206218617699783e+00
3.040000000000000000e+02 1.736521489971342817e+03 -1.079617205253700085e+00 2.149679826384469905e+01 2.031719936667100157e+00
3.050000000000000000e+02 1.742249283667617874e+03 -1.079292485123600098e+00 2.149171428992730171e+01 2.038190825904900194e+00
3.060000000000000000e+02 1.747977077363892931e+03 -1.078968522163199939e+00 2.148666701149259950e+01 2.044619307357100180e+00
3.070000000000000000e+02 1.753704871060167989e+03 -1.078645311661099893e+00 2.148165606316939957e+01 2.051005796549199900e+00
3.080000000000000000e+02 1.759432664756443046e+03 -1.078322855989400031e+00 2.147668105687889906e+01 2.057350703595799857e+00
3.090000000000000000e+02 1.765160458452718103e+03 -1.078001148314100099e+00 2.147174163951769899e+01 2.063654433288300005e+00
3.100000000000000000e+02 1.770888252148993161e+03 -1.077680193506999951e+00 2.146683742939050177e+01 2.069917385181100133e+00
3.110000000000000000e+02 1.776616045845268218e+03 -1.077359997013900061e+00 2.146196806989669881e+01 2.076139953675999905e+00
3.120000000000000000e+02 1.782343839541543275e+03 -1.077040549323400098e+00 2.145713321349250080e+01 2.082322528104899817e+00
3.130000000000000000e+02 1.788071633237818332e+03 -1.076721862468899893e+00 2.145233248899669931e+01 2.088465492811100166e+00
3.140000000000000000e+02 1.793799426934093390e+03 -1.076403935104200071e+00 2.144756554873010046e+01 2.094569227228700203e+00
3.150000000000000000e+02 1.799527220630368447e+03 -1.076086771759199978e+00 2.144283205352400046e+01 2.100634105961200149e+00
3.160000000000000000e+02 1.805255014326643504e+03 -1.075770374708699961e+00 2.143813164201899824e+01 2.106660498857699793e+00
3.170000000000000000e+02 1.810982808022918562e+03 -1.075454751255499941e+00 2.143346399346929942e+01 2.112648771088399879e+00
3.180000000000000000e+02 1.816710601719193619e+03 -1.075139906062299922e+00 2.142882874421820105e+01 2.118599283218100204e+00
3.190000000000000000e+02 1.822438395415468676e+03 -1.074825845469300045e+00 2.142422556756390151e+01 2.124512391278599921e+00
3.200000000000000000e+02 1.828166189111743734e+03 -1.074512575200099906e+00 2.141965414067239948e+01 2.130388446840000061e+00
3.210000000000000000e+02 1.833893982808018791e+03 -1.074200100924600054e+00 2.141511412222110167e+01 2.136227797080000101e+00
3.220000000000000000e+02 1.839621776504293848e+03 -1.073888433927900010e+00 2.141060519083309899e+01 2.142030784852599901e+00
3.230000000000000000e+02 1.845349570200568905e+03 -1.073577579504700008e+00 2.140612701683809860e+01 2.147797748754900038e+00
3.240000000000000000e+02 1.851077363896843963e+03 -1.073267548426299900e+00 2.140167927701050132e+01 2.153529023193100134e+00
3.250000000000000000e+02 1.856805157593119020e+03 -1.072958347866300066e+00 2.139726166524069839e+01 2.159224938447299902e+00
3.260000000000000000e+02 1.862532951289394077e+03 -1.072649987427999996e+00 2.139287386062850160e+01 2.164885820734800070e+00
3.270000000000000000e+02 1.868260744985669135e+03 -1.072342478226800067e+00 2.138851554470090122e+01 2.170511992272300184e+00
3.280000000000000000e+02 1.873988538681944192e+03 -1.072035832222300034e+00 2.138418641156080113e+01 2.176103771336999948e+00
3.290000000000000000e+02 1.879716332378219249e+03 -1.071730055344400023e+00 2.137988615444569973e+01 2.181661472326899887e+00
3.300000000000000000e+02 1.885444126074494307e+03 -1.071425166710799903e+00 2.137561446865910142e+01 2.187185405819500161e+00
3.310000000000000000e+02 1.891171919770769364e+03 -1.071121169829200026e+00 2.137137105533230041e+01 2.192675878629799957e+00
3.320000000000000000e+02 1.896899713467044421e+03 -1.070818078400999962e+00 2.136715561707289979e+01 2.198133193866799839e+00
3.330000000000000000e+02 1.902627507163319478e+03 -1.070515910523099912e+00 2.136296785405389898e+01 2.203557650989900196e+00
3.340000000000000000e+02 1.908355300859594536e+03 -1.070214671843600085e+00 2.135880746843330158e+01 2.208949545862799901e+00
3.350000000000000000e+02 1.914083094555869593e+03 -1.069914380394499931e+00 2.135467418176190080e+01 2.214309170808100191e+00
3.360000000000000000e+02 1.919810888252144650e+03 -1.069615049822699948e+00 2.135056769713440161e+01 2.219636814659600166e+00
3.370000000000000000e+02 1.925538681948419708e+03 -1.069316687369399999e+00 2.134648773538840061e+01 2.224932762814599840e+00
3.380000000000000000e+02 1.931266475644694765e+03 -1.069019313330100029e+00 2.134243400392789880e+01 2.230197297284500113e+00
3.390000000000000000e+02 1.936994269340969822e+03 -1.068722940778100039e+00 2.133840622658119912e+01 2.235430696745099866e+00
3.400000000000000000e+02 1.942722063037244880e+03 -1.068427581690599926e+00 2.133440413905130129e+01 2.240633236585499954e+00
3.410000000000000000e+02 1.948449856733519937e+03 -1.068133252291499913e+00 2.133042745366790172e+01 2.245805188956799814e+00
3.420000000000000000e+02 1.954177650429794994e+03 -1.067839966650699912e+00 2.132647589844859937e+01 2.250946822819300142e+00
3.430000000000000000e+02 1.959905444126070051e+03 -1.067547739581200084e+00 2.132254920594060010e+01 2.256058403989099848e+00
3.440000000000000000e+02 1.965633237822345109e+03 -1.067256585259400037e+00 2.131864711415559910e+01 2.261140195183899859e+00
3.450000000000000000e+02 1.971361031518620166e+03 -1.066966521067699958e+00 2.131476934503439935e+01 2.266192456068400141e+00
3.460000000000000000e+02 1.977088825214895223e+03 -1.066677565226199942e+00 2.131091565047239911e+01 2.271215443297899927e+00
3.470000000000000000e+02 1.982816618911170281e+03 -1.066389722131400042e+00 2.130708576888709871e+01 2.276209410562299862e+00
3.480000000000000000e+02 1.988544412607445338e+03 -1.066103020296800041e+00 2.130327944034710086e+01 2.281174608628400158e+00
3.490000000000000000e+02 1.994272206303720395e+03 -1.065817470376899889e+00 2.129949640097450114e+01 2.286111285382300018e+00
3.500000000000000000e+02 1.999999999999995453e+03 -1.065533083429299976e+00 2.129573642077529882e+01 2.291019685870100187e+00
1.000000000000000000e+00 2.000000000000000000e+03 -1.073056282462699906e+00 2.128134937837720031e+01 2.291019685870100187e+00
2.000000000000000000e+00 2.600000000000000000e+03 -1.058178275372199995e+00 2.096605441364929945e+01 2.685399758361600053e+00
3.000000000000000000e+00 3.200000000000000000e+03 -1.048856198624199987e+00 2.077102875815799976e+01 2.931887303668800016e+00
4.000000000000000000e+00 3.800000000000000000e+03 -1.042300560899700024e+00 2.063889993658580124e+01 3.100536676773700151e+00
5.000000000000000000e+00 4.400000000000000000e+03 -1.036309413814999969e+00 2.054569455327600025e+01 3.223190766304599997e+00
6.000000000000000000e+00 5.000000000000000000e+03 -1.028596815872000025e+00 2.048124144057370088e+01 3.316407874348000107e+00
1.000000000000000000e+00 5.000000000000000000e+03 -1.034024157159900037e+00 2.047074287536370107e+01 3.316407874348000107e+00
2.000000000000000000e+00 5.789473684210526699e+03 -1.030255696361799922e+00 2.039894333959960093e+01 3.409624982391500136e+00
3.000000000000000000e+00 6.578947368421053397e+03 -1.027296071794000065e+00 2.034474132405599889e+01 3.480469984504499958e+00
4.000000000000000000e+00 7.368421052631580096e+03 -1.024883901968500099e+00 2.030243335161179985e+01 3.536133914736200090e+00
5.000000000000000000e+00 8.157894736842106795e+03 -1.022859240093400013e+00 2.026854034296680140e+01 3.581024181051999822e+00
6.000000000000000000e+00 8.947368421052633494e+03 -1.021118710723099898e+00 2.024081922129800049e+01 3.617992635665100210e+00
7.000000000000000000e+00 9.736842105263160192e+03 -1.019592682732400002e+00 2.021775906345320095e+01 3.648966205746300151e+00
8.000000000000000000e+00 1.052631578947368689e+04 -1.018232582222500016e+00 2.019830493436259999e+01 3.675293740315300095e+00
9.000000000000000000e+00 1.131578947368421359e+04 -1.017003532578300007e+00 2.018169777588079938e+01 3.697947665409599960e+00
1.000000000000000000e+01 1.210526315789474029e+04 -1.015879706987200093e+00 2.016737744483690165e+01 3.717646730709000202e+00
1.100000000000000000e+01 1.289473684210526699e+04 -1.014840453420299937e+00 2.015492211898260067e+01 3.734933665563500149e+00
1.200000000000000000e+01 1.368421052631579369e+04 -1.013871290553099991e+00 2.014400725522270008e+01 3.750225954088699964e+00
1.300000000000000000e+01 1.447368421052632038e+04 -1.012968651552200061e+00 2.013437774778870093e+01 3.763849992956600055e+00
1.400000000000000000e+01 1.526315789473684708e+04 -1.012111402400700078e+00 2.012583601168210024e+01 3.776064648493299813e+00
1.500000000000000000e+01 1.605263157894737378e+04 -1.011296825027500068e+00 2.011822009601539918e+01 3.787077862501900150e+00
1.600000000000000000e+01 1.684210526315790048e+04 -1.010518871898099968e+00 2.011139900969410022e+01 3.797058587697100140e+00
1.700000000000000000e+01 1.763157894736842718e+04 -1.009772540529400020e+00 2.010526582882690150e+01 3.806145516606199930e+00
1.800000000000000000e+01 1.842105263157895388e+04 -1.009053716294799896e+00 2.009973142650019895e+01 3.814453565894500020e+00
1.900000000000000000e+01 1.921052631578948058e+04 -1.008358827604000085e+00 2.009472261174170171e+01 3.822078761816599890e+00
2.000000000000000000e+01 2.000000000000000728e+04 -1.007684581803399926e+00 2.009017760688239917e+01 3.829101968587000027e+00
