1.000000000000000000e+00 1.000000000000000000e+00 3.997703940377399956e+00 3.599770393941639668e+01 -3.413960628259755140e+03
2.000000000000000000e+00 6.727793696275099933e+00 3.896944689440200005e+00 3.589694468891570267e+01 -5.040358855462753240e+02
3.000000000000000000e+00 1.245558739255010039e+01 3.654012740188699926e+00 3.565401273756369704e+01 -2.704118378796076740e+02
4.000000000000000000e+00 1.818338108882520032e+01 3.286212740952000111e+00 3.528621269218339762e+01 -1.839716765305159925e+02
5.000000000000000000e+00 2.391117478510030026e+01 2.818279732953199890e+00 3.481827905686859737e+01 -1.389440694143384860e+02
6.000000000000000000e+00 2.963896848137540019e+01 2.279142370451599842e+00 3.427913743934119850e+01 -1.113198239813084029e+02
7.000000000000000000e+00 3.536676217765040064e+01 1.698614441952200016e+00 3.369859058640719951e+01 -9.264330059650440319e+01
8.000000000000000000e+00 4.109455587392550058e+01 1.104590485600700056e+00 3.310450441439609648e+01 -7.917307622804729306e+01
9.000000000000000000e+00 4.682234957020060051e+01 5.210762918918999675e-01 3.252082715283390257e+01 -6.899848597164519504e+01
1.000000000000000000e+01 5.255014326647560097e+01 -3.287312453599999795e-02 3.196651911517189859e+01 -6.104188981802909808e+01
1.100000000000000000e+01 5.827793696275070090e+01 -5.434259492265000047e-01 3.145527959583489874e+01 -5.464930720599119951e+01
1.200000000000000000e+01 6.400573065902580083e+01 -1.001669157468100035e+00 3.099585872725869962e+01 -4.940085322153530001e+01
1.300000000000000000e+01 6.973352435530090077e+01 -1.402953785727000025e+00 3.059272398913569901e+01 -4.501459749610280170e+01
1.400000000000000000e+01 7.546131805157590122e+01 -1.746081357356600083e+00 3.024688417869440116e+01 -4.129420790031340260e+01
1.500000000000000000e+01 8.118911174785100116e+01 -2.032469565067500206e+00 2.995672817630610041e+01 -3.809875628243000278e+01
1.600000000000000000e+01 8.691690544412610109e+01 -2.265383526667399838e+00 2.971879093888329848e+01 -3.532446295452810148e+01
1.700000000000000000e+01 9.264469914040110154e+01 -2.449277548245500036e+00 2.952840374422079961e+01 -3.289321310310379687e+01
1.800000000000000000e+01 9.837249283667620148e+01 -2.589263307103399914e+00 2.938021656771169887e+01 -3.074508503036980045e+01
1.900000000000000000e+01 1.041002865329513014e+02 -2.690701973845099904e+00 2.926859898344509858e+01 -2.883334505691160032e+01
2.000000000000000000e+01 1.098280802292264013e+02 -2.758907451139700040e+00 2.918793502621479874e+01 -2.712100859020749866e+01
2.100000000000000000e+01 1.155558739255014018e+02 -2.798943224044600164e+00 2.913283053987149884e+01 -2.557842394462180025e+01
2.200000000000000000e+01 1.212836676217765017e+02 -2.815494186912300023e+00 2.909825102524790097e+01 -2.418154080662100114e+01
2.300000000000000000e+01 1.270114613180516017e+02 -2.812795931587599885e+00 2.907960594768960050e+01 -2.291064721868509935e+01
2.400000000000000000e+01 1.327392550143266874e+02 -2.794606191364500170e+00 2.907279278331310124e+01 -2.174943356349900014e+01
2.500000000000000000e+01 1.384670487106016878e+02 -2.764205811503499977e+00 2.907421148478810125e+01 -2.068428886213460061e+01
2.600000000000000000e+01 1.441948424068768020e+02 -2.724419279818599993e+00 2.908075775758049986e+01 -1.970376478941770060e+01
2.700000000000000000e+01 1.499226361031518024e+02 -2.677647252926599997e+00 2.908980164752970055e+01 -1.879816255303889960e+01
2.800000000000000000e+01 1.556504297994268882e+02 -2.625905548535799827e+00 2.909915639084719885e+01 -1.795921098749409950e+01
2.900000000000000000e+01 1.613782234957018886e+02 -2.570866707103600213e+00 2.910704131123949878e+01 -1.717981320045199922e+01
3.000000000000000000e+01 1.671060171919770028e+02 -2.513901492480899780e+00 2.911204157092049982e+01 -1.645384532343370054e+01
3.100000000000000000e+01 1.728338108882520885e+02 -2.456118630832400118e+00 2.911306692042149891e+01 -1.577599527947499958e+01
3.200000000000000000e+01 1.785616045845270889e+02 -2.398401774540200204e+00 2.910931095524259860e+01 -1.514163258228209941e+01
3.300000000000000000e+01 1.842893982808022031e+02 -2.341443165648000146e+00 2.910021200610939829e+01 -1.454670241557679944e+01
3.400000000000000000e+01 1.900171919770772035e+02 -2.285773777878299828e+00 2.908541639002000068e+01 -1.398763886939279999e+01
3.500000000000000000e+01 1.957449856733522893e+02 -2.231789960583900001e+00 2.906474455352559971e+01 -1.346129340939259933e+01
3.600000000000000000e+01 2.014727793696272897e+02 -2.179776716434299821e+00 2.903816033504190131e+01 -1.296487554772389927e+01
3.700000000000000000e+01 2.072005730659024039e+02 -2.129927853882799926e+00 2.900574348873560027e+01 -1.249590335434369948e+01
3.800000000000000000e+01 2.129283667621774896e+02 -2.082363273682600102e+00 2.896766544570489899e+01 -1.205216195584369920e+01
3.900000000000000000e+01 2.186561604584524900e+02 -2.037143679044199907e+00 2.892416820037049874e+01 -1.163166855712360004e+01
4.000000000000000000e+01 2.243839541547276042e+02 -1.994283003436100099e+00 2.887554616847170053e+01 -1.123264282036340056e+01
4.100000000000000000e+01 2.301117478510026046e+02 -1.953758819140100078e+00 2.882213076891219927e+01 -1.085348166784119961e+01
4.200000000000000000e+01 2.358395415472776904e+02 -1.915520997971499995e+00 2.876427751275240041e+01 -1.049273775650789986e+01
4.300000000000000000e+01 2.415673352435526908e+02 -1.879498855682800063e+00 2.870235534352060114e+01 -1.014910101489379990e+01
4.400000000000000000e+01 2.472951289398278050e+02 -1.845606997653999937e+00 2.863673794201579881e+01 -9.821382745842200279e+00
4.500000000000000000e+01 2.530229226361028907e+02 -1.813750055622000090e+00 2.856779678633390063e+01 -9.508501888484900633e+00
4.600000000000000000e+01 2.587507163323779196e+02 -1.783826492188999913e+00 2.849589570594499932e+01 -9.209473104875300464e+00
4.700000000000000000e+01 2.644785100286529769e+02 -1.755731614190400025e+00 2.842138670785200105e+01 -8.923396414663200105e+00
4.800000000000000000e+01 2.702063037249279773e+02 -1.729359933645300051e+00 2.834460689846270043e+01 -8.649448148105600254e+00
4.900000000000000000e+01 2.759340974212030915e+02 -1.704606983096899953e+00 2.826587630333269985e+01 -8.386873025852899843e+00
5.000000000000000000e+01 2.816618911174780919e+02 -1.681370682339200062e+00 2.818549642623009888e+01 -8.134977205113500531e+00
5.100000000000000000e+01 2.873896848137532061e+02 -1.659552341633399930e+00 2.810374941808399996e+01 -7.893122157376000203e+00
5.200000000000000000e+01 2.931174785100283202e+02 -1.639057367429199941e+00 2.802089774123280108e+01 -7.660719263941199841e+00
5.300000000000000000e+01 2.988452722063033207e+02 -1.619795729924500050e+00 2.793718420263130042e+01 -7.437225032960300020e+00
5.400000000000000000e+01 3.045730659025783780e+02 -1.601682246187299929e+00 2.785283229888380063e+01 -7.222136856162600260e+00
5.500000000000000000e+01 3.103008595988533784e+02 -1.584636710236799972e+00 2.776804677611849925e+01 -7.014989235538600099e+00
5.600000000000000000e+01 3.160286532951284926e+02 -1.568583908850800013e+00 2.768301436657640124e+01 -6.815350420355200001e+00
5.700000000000000000e+01 3.217564469914034930e+02 -1.553453559742800083e+00 2.759790463902379898e+01 -6.622819403370299618e+00
5.800000000000000000e+01 3.274842406876786072e+02 -1.539180170922699986e+00 2.751287091763590098e+01 -6.437023232270499662e+00
5.900000000000000000e+01 3.332120343839537213e+02 -1.525702864576899964e+00 2.742805125158620072e+01 -6.257614598401000094e+00
6.000000000000000000e+01 3.389398280802287218e+02 -1.512965166469500078e+00 2.734356941009900055e+01 -6.084269669986100304e+00
6.100000000000000000e+01 3.446676217765037791e+02 -1.500914773373299926e+00 2.725953585846579941e+01 -5.916686141398299625e+00
6.200000000000000000e+01 3.503954154727787795e+02 -1.489503310652100065e+00 2.717604873550800093e+01 -5.754581473755900234e+00
6.300000000000000000e+01 3.561232091690538937e+02 -1.478686085348400070e+00 2.709319479425079891e+01 -5.597691305306700116e+00
6.400000000000000000e+01 3.618510028653290078e+02 -1.468421843715199904e+00 2.701105030759849868e+01 -5.445768012785699774e+00
6.500000000000000000e+01 3.675787965616040083e+02 -1.458672523892299955e+00 2.692968192635629876e+01 -5.298579407277999920e+00
6.600000000000000000e+01 3.733065902578791224e+02 -1.449403032546400016e+00 2.684914750769100067e+01 -5.155907550141700213e+00
6.700000000000000000e+01 3.790343839541541229e+02 -1.440581013719699932e+00 2.676949687475260120e+01 -5.017547676289900060e+00
6.800000000000000000e+01 3.847621776504291802e+02 -1.432176644450100067e+00 2.669077254443590164e+01 -4.883307213644799916e+00
6.900000000000000000e+01 3.904899713467041806e+02 -1.424162433223199908e+00 2.661301039775090160e+01 -4.753004888888799684e+00
7.000000000000000000e+01 3.962177650429792948e+02 -1.416513031963199998e+00 2.653624030292720093e+01 -4.626469910780000028e+00
7.100000000000000000e+01 4.019455587392544089e+02 -1.409205067302299996e+00 2.646048669534370035e+01 -4.503541223295400187e+00
7.200000000000000000e+01 4.076733524355294094e+02 -1.402216972814499973e+00 2.638576910928840036e+01 -4.384066821733900277e+00
7.300000000000000000e+01 4.134011461318045235e+02 -1.395528844525300016e+00 2.631210267457329977e+01 -4.267903125672500408e+00
7.400000000000000000e+01 4.191289398280795240e+02 -1.389122302039299983e+00 2.623949855844350054e+01 -4.154914403337899742e+00
7.500000000000000000e+01 4.248567335243545813e+02 -1.382980358295399892e+00 2.616796439416980036e+01 -4.044972242540300300e+00
7.600000000000000000e+01 4.305845272206295817e+02 -1.377087307504200053e+00 2.609750463678659926e+01 -3.937955063834400082e+00
7.700000000000000000e+01 4.363123209169046959e+02 -1.371428616100200060e+00 2.602812093514980063e+01 -3.833747672027600029e+00
7.800000000000000000e+01 4.420401146131798100e+02 -1.365990821228000085e+00 2.595981241915789894e+01 -3.732240842555099913e+00
7.900000000000000000e+01 4.477679083094548105e+02 -1.360761448760799963e+00 2.589257601062769965e+01 -3.633330939602700038e+00
8.000000000000000000e+01 4.534957020057299246e+02 -1.355728923327299995e+00 2.582640666204250124e+01 -3.536919563168400060e+00
8.100000000000000000e+01 4.592234957020049251e+02 -1.350882501388400048e+00 2.576129761158490084e+01 -3.442913222536200024e+00
8.200000000000000000e+01 4.649512893982799824e+02 -1.346212192040699973e+00 2.569724058119119903e+01 -3.351223033886300051e+00
8.300000000000000000e+01 4.706790830945549828e+02 -1.341708708053600096e+00 2.563422597668190051e+01 -3.261764439982799857e+00
8.400000000000000000e+01 4.764068767908300970e+02 -1.337363397123900066e+00 2.557224306373889888e+01 -3.174456950083900164e+00
8.500000000000000000e+01 4.821346704871052111e+02 -1.333168197225300000e+00 2.551128012221380104e+01 -3.089223898390399903e+00
8.600000000000000000e+01 4.878624641833802116e+02 -1.329115587748199934e+00 2.545132459258849877e+01 -3.005992219509999952e+00
8.700000000000000000e+01 4.935902578796553257e+02 -1.325198543516399985e+00 2.539236319289240029e+01 -2.924692239556100137e+00
8.800000000000000000e+01 4.993180515759303262e+02 -1.321410498641200082e+00 2.533438204842979857e+01 -2.845257481623399975e+00
8.900000000000000000e+01 5.050458452722053835e+02 -1.317745310575600071e+00 2.527736678354219890e+01 -2.767624484501100213e+00
9.000000000000000000e+01 5.107736389684803839e+02 -1.314197226831800069e+00 2.522130262264510137e+01 -2.691732633583800105e+00
9.100000000000000000e+01 5.165014326647554981e+02 -1.310760851963099993e+00 2.516617446098799959e+01 -2.617524003032599911e+00
9.200000000000000000e+01 5.222292263610305554e+02 -1.307431125523700111e+00 2.511196695339459950e+01 -2.544943208323700023e+00
9.300000000000000000e+01 5.279570200573056127e+02 -1.304203293674000008e+00 2.505866456644400131e+01 -2.473937268394999833e+00
9.400000000000000000e+01 5.336848137535806700e+02 -1.301072886846800003e+00 2.500625164590979921e+01 -2.404455476669999925e+00
9.500000000000000000e+01 5.394126074498557273e+02 -1.298035700533199943e+00 2.495471246764079964e+01 -2.336449280298800169e+00
9.600000000000000000e+01 5.451404011461307846e+02 -1.295087773647499940e+00 2.490403128050609993e+01 -2.269872167011799835e+00
9.700000000000000000e+01 5.508681948424058419e+02 -1.292225371959899949e+00 2.485419234499759966e+01 -2.204679559032399982e+00
9.800000000000000000e+01 5.565959885386808992e+02 -1.289444972095300068e+00 2.480517997900809846e+01 -2.140828713540400052e+00
9.900000000000000000e+01 5.623237822349559565e+02 -1.286743250329799970e+00 2.475697858142499896e+01 -2.078278629217999995e+00
1.000000000000000000e+02 5.680515759312310138e+02 -1.284117060424899925e+00 2.470957266082929848e+01 -2.016989958449700193e+00
1.010000000000000000e+02 5.737793696275060711e+02 -1.281563429644400065e+00 2.466294686131940139e+01 -1.956924924781900055e+00
1.020000000000000000e+02 5.795071633237811284e+02 -1.279079542334599973e+00 2.461708597896249984e+01 -1.898047245276399897e+00
1.030000000000000000e+02 5.852349570200561857e+02 -1.276662732262400013e+00 2.457197498835610006e+01 -1.840322057423900093e+00
1.040000000000000000e+02 5.909627507163312430e+02 -1.274310471293299996e+00 2.452759905576260024e+01 -1.783715850308200013e+00
1.050000000000000000e+02 5.966905444126063003e+02 -1.272020360509499959e+00 2.448394353984659944e+01 -1.728196399734200028e+00
1.060000000000000000e+02 6.024183381088813576e+02 -1.269790122392900011e+00 2.444099402567820079e+01 -1.673732707057800084e+00
1.070000000000000000e+02 6.081461318051564149e+02 -1.267617590921100046e+00 2.439873630535329951e+01 -1.620294941471100092e+00
1.080000000000000000e+02 6.138739255014314722e+02 -1.265500709698899939e+00 2.435715641599560044e+01 -1.567854385520399907e+00
1.090000000000000000e+02 6.196017191977065295e+02 -1.263437520383799972e+00 2.431624062460619839e+01 -1.516383383644400062e+00
1.100000000000000000e+02 6.253295128939815868e+02 -1.261426157610400001e+00 2.427597544035729982e+01 -1.465855293542200011e+00
1.110000000000000000e+02 6.310573065902566441e+02 -1.259464846363200108e+00 2.423634761277410021e+01 -1.416244440188400011e+00
1.120000000000000000e+02 6.367851002865317014e+02 -1.257551892833300045e+00 2.419734415093979862e+01 -1.367526072330800035e+00
1.130000000000000000e+02 6.425128939828067587e+02 -1.255685679921400011e+00 2.415895229402769928e+01 -1.319676321314799949e+00
1.140000000000000000e+02 6.482406876790818160e+02 -1.253864668506899926e+00 2.412115955291659830e+01 -1.272672162090300096e+00
1.150000000000000000e+02 6.539684813753568733e+02 -1.252087382472500066e+00 2.408395366593959963e+01 -1.226491376268600053e+00
1.160000000000000000e+02 6.596962750716319306e+02 -1.250352417266199945e+00 2.404732263870860010e+01 -1.181112517102800075e+00
1.170000000000000000e+02 6.654240687679069879e+02 -1.248658425396099947e+00 2.401125471539539902e+01 -1.136514876277900044e+00
1.180000000000000000e+02 6.711518624641820452e+02 -1.247004119187800075e+00 2.397573838621449838e+01 -1.092678452400400069e+00
1.190000000000000000e+02 6.768796561604571025e+02 -1.245388266935500088e+00 2.394076239019640084e+01 -1.049583921088500071e+00
1.200000000000000000e+02 6.826074498567321598e+02 -1.243809688020599991e+00 2.390631570786920079e+01 -1.007212606567799984e+00
1.210000000000000000e+02 6.883352435530072171e+02 -1.242267251536999906e+00 2.387238755305959970e+01 -9.655464546855999641e-01
1.220000000000000000e+02 6.940630372492822744e+02 -1.240759872883800075e+00 2.383896737964129997e+01 -9.245680072602999733e-01
1.230000000000000000e+02 6.997908309455573317e+02 -1.239286511630500076e+00 2.380604487691460136e+01 -8.842603776923000369e-01
1.240000000000000000e+02 7.055186246418323890e+02 -1.237846170785900091e+00 2.377360995377669894e+01 -8.446072277609000256e-01
1.250000000000000000e+02 7.112464183381074463e+02 -1.236437892048799947e+00 2.374165275724789836e+01 -8.055927455439999552e-01
1.260000000000000000e+02 7.169742120343825036e+02 -1.235060754443300102e+00 2.371016364449380021e+01 -7.672016243952000103e-01
1.270000000000000000e+02 7.227020057306575609e+02 -1.233713875434099938e+00 2.367913319880929990e+01 -7.294190429210000159e-01
1.280000000000000000e+02 7.284297994269326182e+02 -1.232396402258300050e+00 2.364855220878349940e+01 -6.922306459025999725e-01
1.290000000000000000e+02 7.341575931232076755e+02 -1.231107519101600101e+00 2.361841168062800023e+01 -6.556225261108999947e-01
1.300000000000000000e+02 7.398853868194827328e+02 -1.229846439964900062e+00 2.358870282434410015e+01 -6.195812069656000398e-01
1.310000000000000000e+02 7.456131805157577901e+02 -1.228612405041499933e+00 2.355941704479720045e+01 -5.840936259944999875e-01
1.320000000000000000e+02 7.513409742120328474e+02 -1.227404688286499956e+00 2.353054594793420051e+01 -5.491471190484999987e-01
1.330000000000000000e+02 7.570687679083079047e+02 -1.226222586355899979e+00 2.350208133768800067e+01 -5.147294052337999526e-01
1.340000000000000000e+02 7.627965616045829620e+02 -1.225065422339699950e+00 2.347401520259089835e+01 -4.808285725224999974e-01
1.350000000000000000e+02 7.685243553008580193e+02 -1.223932544000200018e+00 2.344633970947240087e+01 -4.474330640070999787e-01
1.360000000000000000e+02 7.742521489971330766e+02 -1.222823320821299964e+00 2.341904721702480074e+01 -4.145316647644000096e-01
1.370000000000000000e+02 7.799799426934081339e+02 -1.221737149494600105e+00 2.339213025497619824e+01 -3.821134892993999777e-01
1.380000000000000000e+02 7.857077363896831912e+02 -1.220673442437500089e+00 2.336558152347789985e+01 -3.501679695368999923e-01
1.390000000000000000e+02 7.914355300859582485e+02 -1.219631633691200090e+00 2.333939388972470041e+01 -3.186848433359000254e-01
1.400000000000000000e+02 7.971633237822333058e+02 -1.218611176167099908e+00 2.331356039267160085e+01 -2.876541434982999856e-01
1.410000000000000000e+02 8.028911174785083631e+02 -1.217611546766599995e+00 2.328807423008599997e+01 -2.570661872482999932e-01
1.420000000000000000e+02 8.086189111747834204e+02 -1.216632232988499984e+00 2.326292874850469872e+01 -2.269115661591999955e-01
1.430000000000000000e+02 8.143467048710584777e+02 -1.215672742195800016e+00 2.323811745735460121e+01 -1.971811365048999898e-01
1.440000000000000000e+02 8.200744985673335350e+02 -1.214732598881699932e+00 2.321363400690680123e+01 -1.678660100160999924e-01
1.450000000000000000e+02 8.258022922636085923e+02 -1.213811343856799896e+00 2.318947219920730163e+01 -1.389575450206000096e-01
1.460000000000000000e+02 8.315300859598836496e+02 -1.212908528683700027e+00 2.316562597778260013e+01 -1.104473379506999975e-01
1.470000000000000000e+02 8.372578796561587069e+02 -1.212023722655400038e+00 2.314208941840550082e+01 -8.232721519850000336e-02
1.480000000000000000e+02 8.429856733524337642e+02 -1.211156510974300105e+00 2.311885674551420067e+01 -5.458922530319999800e-02
1.490000000000000000e+02 8.487134670487088215e+02 -1.210306485546799982e+00 2.309592229650469974e+01 -2.722563145519999936e-02
1.500000000000000000e+02 8.544412607449838788e+02 -1.209473258499000003e+00 2.307328055540479994e+01 -2.289043012999999939e-04
1.510000000000000000e+02 8.601690544412589361e+02 -1.208656447686800028e+00 2.305092612189130108e+01 2.640828496210000098e-02
1.520000000000000000e+02 8.658968481375339934e+02 -1.207855687851800086e+00 2.302885371908130097e+01 5.269307122269999838e-02
1.530000000000000000e+02 8.716246418338090507e+02 -1.207070618931900041e+00 2.300705818500269828e+01 7.863240182300000602e-02
1.540000000000000000e+02 8.773524355300841080e+02 -1.206300898929999921e+00 2.298553449169639862e+01 1.042330426828999984e-01
1.550000000000000000e+02 8.830802292263591653e+02 -1.205546190909799975e+00 2.296427769900779836e+01 1.295015841832000136e-01
1.560000000000000000e+02 8.888080229226342226e+02 -1.204806169930499937e+00 2.294328299763409973e+01 1.544444468214999922e-01
1.570000000000000000e+02 8.945358166189092799e+02 -1.204080519369900015e+00 2.292254568078760002e+01 1.790678866512999956e-01
1.580000000000000000e+02 9.002636103151843372e+02 -1.203368934371700005e+00 2.290206113713439962e+01 2.033780005134999957e-01
1.590000000000000000e+02 9.059914040114593945e+02 -1.202671115936799984e+00 2.288182486881209954e+01 2.273807310686999927e-01
1.600000000000000000e+02 9.117191977077344518e+02 -1.201986775084399994e+00 2.286183247831120013e+01 2.510818716407000051e-01
1.610000000000000000e+02 9.174469914040095091e+02 -1.201315631504900061e+00 2.284207965262270079e+01 2.744870708780000057e-01
1.620000000000000000e+02 9.231747851002845664e+02 -1.200657413075399971e+00 2.282256219137979869e+01 2.976018372420999869e-01
1.630000000000000000e+02 9.289025787965596237e+02 -1.200011852852099992e+00 2.280327597367890036e+01 3.204315433293999926e-01
1.640000000000000000e+02 9.346303724928346810e+02 -1.199378694367899900e+00 2.278421697818820135e+01 3.429814300347999723e-01
1.650000000000000000e+02 9.403581661891097383e+02 -1.198757684240300048e+00 2.276538125853520000e+01 3.652566105621999903e-01
1.660000000000000000e+02 9.460859598853847956e+02 -1.198148581537999968e+00 2.274676497108610107e+01 3.872620742899000046e-01
1.670000000000000000e+02 9.518137535816598529e+02 -1.197551146790100107e+00 2.272836434365829916e+01 4.090026904969000232e-01
1.680000000000000000e+02 9.575415472779349102e+02 -1.196965148215400010e+00 2.271017568869919856e+01 4.304832119543999802e-01
1.690000000000000000e+02 9.632693409742099675e+02 -1.196390362605999957e+00 2.269219540374309929e+01 4.517082783897000131e-01
1.700000000000000000e+02 9.689971346704850248e+02 -1.195826567232900040e+00 2.267441995537539867e+01 4.726824198276999844e-01
1.710000000000000000e+02 9.747249283667600821e+02 -1.195273552057100064e+00 2.265684588936769828e+01 4.934100598135999771e-01
1.720000000000000000e+02 9.804527220630351394e+02 -1.194731106287300060e+00 2.263946982801009966e+01 5.138955185235000167e-01
1.730000000000000000e+02 9.861805157593101967e+02 -1.194199027993499973e+00 2.262228846776600122e+01 5.341430157661000155e-01
1.740000000000000000e+02 9.919083094555852540e+02 -1.193677119202499970e+00 2.260529856753269939e+01 5.541566738808000325e-01
1.750000000000000000e+02 9.976361031518603113e+02 -1.193165185986899912e+00 2.258849696199339974e+01 5.739405205351999495e-01
1.760000000000000000e+02 1.003363896848135369e+03 -1.192663039706000072e+00 2.257188054556079848e+01 5.934984914280999613e-01
1.770000000000000000e+02 1.009091690544410426e+03 -1.192170498393299916e+00 2.255544628548160091e+01 6.128344328989999701e-01
1.780000000000000000e+02 1.014819484240685483e+03 -1.191687380591599954e+00 2.253919121076370047e+01 6.319521044502000029e-01
1.790000000000000000e+02 1.020547277936960541e+03 -1.191213509616299904e+00 2.252311241370500028e+01 6.508551811835999734e-01
1.800000000000000000e+02 1.026275071633235711e+03 -1.190748716257199913e+00 2.250720703884190144e+01 6.695472561559000502e-01
1.810000000000000000e+02 1.032002865329510769e+03 -1.190292832872499984e+00 2.249147230557030142e+01 6.880318426553999611e-01
1.820000000000000000e+02 1.037730659025785826e+03 -1.189845694632599926e+00 2.247590547786300164e+01 7.063123764036000063e-01
1.830000000000000000e+02 1.043458452722060883e+03 -1.189407142242099980e+00 2.246050388075340010e+01 7.243922176839999727e-01
1.840000000000000000e+02 1.049186246418335941e+03 -1.188977019763900023e+00 2.244526489916169965e+01 7.422746534013000552e-01
1.850000000000000000e+02 1.054914040114610998e+03 -1.188555171839200009e+00 2.243018596046789881e+01 7.599628990733999778e-01
1.860000000000000000e+02 1.060641833810886055e+03 -1.188141450571799984e+00 2.241526455466970091e+01 7.774601007589999613e-01
1.870000000000000000e+02 1.066369627507161113e+03 -1.187735707333199997e+00 2.240049822165400073e+01 7.947693369231999538e-01
1.880000000000000000e+02 1.072097421203436170e+03 -1.187337799651100090e+00 2.238588455483759887e+01 8.118936202430000471e-01
1.890000000000000000e+02 1.077825214899711227e+03 -1.186947586697600032e+00 2.237142117854480006e+01 8.288358993551999676e-01
1.900000000000000000e+02 1.083553008595986284e+03 -1.186564928201200075e+00 2.235710579001409926e+01 8.455990605494000389e-01
1.910000000000000000e+02 1.089280802292261342e+03 -1.186189692184800082e+00 2.234293612446870014e+01 8.621859294067999446e-01
1.920000000000000000e+02 1.095008595988536399e+03 -1.185821743301499920e+00 2.232890994726249900e+01 8.785992723882000144e-01
1.930000000000000000e+02 1.100736389684811456e+03 -1.185460952311500060e+00 2.231502509375539844e+01 8.948417983723999658e-01
1.940000000000000000e+02 1.106464183381086514e+03 -1.185107191588999909e+00 2.230127942488400095e+01 9.109161601459999646e-01
1.950000000000000000e+02 1.112191977077361571e+03 -1.184760334929300107e+00 2.228767084650300134e+01 9.268249558483999673e-01
1.960000000000000000e+02 1.117919770773636628e+03 -1.184420260753000109e+00 2.227419731591810148e+01 9.425707303714999652e-01
1.970000000000000000e+02 1.123647564469911686e+03 -1.184086846560300055e+00 2.226085682404859867e+01 9.581559767166000219e-01
1.980000000000000000e+02 1.129375358166186743e+03 -1.183759974087100098e+00 2.224764740278089903e+01 9.735831373108000397e-01
1.990000000000000000e+02 1.135103151862461800e+03 -1.183439525389700098e+00 2.223456711486059945e+01 9.888546052826999722e-01
2.000000000000000000e+02 1.140830945558736857e+03 -1.183125388368799991e+00 2.222161407642180109e+01 1.003972725699699975e+00
2.010000000000000000e+02 1.146558739255011915e+03 -1.182817449714800073e+00 2.220878642757299914e+01 1.018939796769100070e+00
2.020000000000000000e+02 1.152286532951286972e+03 -1.182515596429100091e+00 2.219608235700090049e+01 1.033758071002099932e+00
2.030000000000000000e+02 1.158014326647562029e+03 -1.182219720572800004e+00 2.218350007329179974e+01 1.048429756344499975e+00
2.040000000000000000e+02 1.163742120343837087e+03 -1.181929714612200089e+00 2.217103783532639838e+01 1.062957017273000071e+00
2.050000000000000000e+02 1.169469914040112144e+03 -1.181645474073399926e+00 2.215869392649150171e+01 1.077341975859900103e+00
2.060000000000000000e+02 1.175197707736387201e+03 -1.181366893967499943e+00 2.214646665987849872e+01 1.091586712806599913e+00
2.070000000000000000e+02 1.180925501432662259e+03 -1.181093871637300063e+00 2.213435439553780171e+01 1.105693268446499955e+00
2.080000000000000000e+02 1.186653295128937316e+03 -1.180826307860799895e+00 2.212235551028830116e+01 1.119663643719599921e+00
2.090000000000000000e+02 1.192381088825212373e+03 -1.180564101090999962e+00 2.211046842463759887e+01 1.133499801118700079e+00
2.100000000000000000e+02 1.198108882521487430e+03 -1.180307154571899941e+00 2.209869157419590024e+01 1.147203665608000023e+00
2.110000000000000000e+02 1.203836676217762488e+03 -1.180055371381099949e+00 2.208702343331239959e+01 1.160777125516400110e+00
2.120000000000000000e+02 1.209564469914037545e+03 -1.179808658482899952e+00 2.207546251613320010e+01 1.174222033404600074e+00
2.130000000000000000e+02 1.215292263610312602e+03 -1.179566919816700032e+00 2.206400734001149999e+01 1.187540206908000107e+00
2.140000000000000000e+02 1.221020057306587660e+03 -1.179330063768400105e+00 2.205265646503350041e+01 1.200733429556199994e+00
2.150000000000000000e+02 1.226747851002862717e+03 -1.179097998765699984e+00 2.204140848472830072e+01 1.213803451568600034e+00
2.160000000000000000e+02 1.232475644699137774e+03 -1.178870636468400068e+00 2.203026200536099921e+01 1.226751990629300071e+00
2.170000000000000000e+02 1.238203438395412832e+03 -1.178647888027799961e+00 2.201921566466160129e+01 1.239580732638700056e+00
2.180000000000000000e+02 1.243931232091687889e+03 -1.178429665968599993e+00 2.200826812674999999e+01 1.252291332445800043e+00
2.190000000000000000e+02 1.249659025787962946e+03 -1.178215882640399892e+00 2.199741807699010110e+01 1.264885414559699939e+00
2.200000000000000000e+02 1.255386819484238003e+03 -1.178006455364200011e+00 2.198666423136049985e+01 1.277364573841899942e+00
2.210000000000000000e+02 1.261114613180513061e+03 -1.177801297562200089e+00 2.197600532118559968e+01 1.289730376179099913e+00
2.220000000000000000e+02 1.266842406876788118e+03 -1.177600329996199902e+00 2.196544011064910151e+01 1.301984359138899983e+00
2.230000000000000000e+02 1.272570200573063175e+03 -1.177403469929100055e+00 2.195496737495890116e+01 1.314128032606300067e+00
2.240000000000000000e+02 1.278297994269338233e+03 -1.177210636210499928e+00 2.194458592054879986e+01 1.326162879404799932e+00
2.250000000000000000e+02 1.284025787965613290e+03 -1.177021747992599954e+00 2.193429457178429942e+01 1.338090355899199890e+00
2.260000000000000000e+02 1.289753581661888347e+03 -1.176836730652000007e+00 2.192409217308410163e+01 1.349911892583699924e+00
2.270000000000000000e+02 1.295481375358163405e+03 -1.176655503349200105e+00 2.191397759498349984e+01 1.361628894653299948e+00
2.280000000000000000e+02 1.301209169054438462e+03 -1.176477989680599912e+00 2.190394972022980014e+01 1.373242742561100016e+00
2.290000000000000000e+02 1.306936962750713519e+03 -1.176304118136600074e+00 2.189400745614990029e+01 1.384754792560199954e+00
2.300000000000000000e+02 1.312664756446988576e+03 -1.176133810621800002e+00 2.188414973230300120e+01 1.396166377231599975e+00
2.310000000000000000e+02 1.318392550143263634e+03 -1.175966996849099999e+00 2.187437548551050170e+01 1.407478805998799931e+00
2.320000000000000000e+02 1.324120343839538691e+03 -1.175803602657899960e+00 2.186468368913790172e+01 1.418693365628100000e+00
2.330000000000000000e+02 1.329848137535813748e+03 -1.175643556165300030e+00 2.185507331523010066e+01 1.429811320717299994e+00
2.340000000000000000e+02 1.335575931232088806e+03 -1.175486789485800099e+00 2.184554337225329945e+01 1.440833914170200014e+00
2.350000000000000000e+02 1.341303724928363863e+03 -1.175333231494499975e+00 2.183609286373710034e+01 1.451762367660399899e+00
2.360000000000000000e+02 1.347031518624638920e+03 -1.175182814295099964e+00 2.182672083399799945e+01 1.462597882082500078e+00
2.370000000000000000e+02 1.352759312320913978e+03 -1.175035467942100009e+00 2.181742632379510027e+01 1.473341637992100051e+00
2.380000000000000000e+02 1.358487106017189035e+03 -1.174891130276799922e+00 2.180820841002509880e+01 1.483994796034199926e+00
2.390000000000000000e+02 1.364214899713464092e+03 -1.174749735751200008e+00 2.179906616384720053e+01 1.494558497361599958e+00
2.400000000000000000e+02 1.369942693409739150e+03 -1.174611215657900054e+00 2.178999868210799917e+01 1.505033864042500058e+00
2.410000000000000000e+02 1.375670487106014207e+03 -1.174475509715100063e+00 2.178100508179990058e+01 1.515421999457100100e+00
2.420000000000000000e+02 1.381398280802289264e+03 -1.174342554659600024e+00 2.177208448391910167e+01 1.525723988685800059e+00
2.430000000000000000e+02 1.387126074498564321e+03 -1.174212288885500000e+00 2.176323603676970109e+01 1.535940898886700046e+00
2.440000000000000000e+02 1.392853868194839379e+03 -1.174084651940199953e+00 2.175445888713850096e+01 1.546073779664000059e+00
2.450000000000000000e+02 1.398581661891114436e+03 -1.173959581947700004e+00 2.174575221268669978e+01 1.556123663427599890e+00
2.460000000000000000e+02 1.404309455587389493e+03 -1.173837023235899890e+00 2.173711518802079823e+01 1.566091565743900071e+00
2.470000000000000000e+02 1.410037249283664551e+03 -1.173716917042600061e+00 2.172854700758610136e+01 1.575978485677500096e+00
2.480000000000000000e+02 1.415765042979939608e+03 -1.173599203405399916e+00 2.172004688385170112e+01 1.585785406125300057e+00
2.490000000000000000e+02 1.421492836676214665e+03 -1.173483830564600039e+00 2.171161403875910167e+01 1.595513294142399952e+00
2.500000000000000000e+02 1.427220630372489723e+03 -1.173370742907799968e+00 2.170324769737710113e+01 1.605163101259500014e+00
2.510000000000000000e+02 1.432948424068764780e+03 -1.173259883064500020e+00 2.169494711689049993e+01 1.614735763793500034e+00
2.520000000000000000e+02 1.438676217765039837e+03 -1.173151200660299986e+00 2.168671154169900106e+01 1.624232203150300036e+00
2.530000000000000000e+02 1.444404011461314894e+03 -1.173044643338100101e+00 2.167854024673080104e+01 1.633653326120499960e+00
2.540000000000000000e+02 1.450131805157589952e+03 -1.172940160820600042e+00 2.167043250150799949e+01 1.643000025167800082e+00
2.550000000000000000e+02 1.455859598853865009e+03 -1.172837699626700037e+00 2.166238761657130141e+01 1.652273178711300083e+00
2.560000000000000000e+02 1.461587392550140066e+03 -1.172737213226699993e+00 2.165440487475800069e+01 1.661473651400199980e+00
2.570000000000000000e+02 1.467315186246415124e+03 -1.172638653961900035e+00 2.164648359061870053e+01 1.670602294382699915e+00
2.580000000000000000e+02 1.473042979942690181e+03 -1.172541973640399915e+00 2.163862308633130027e+01 1.679659945568799939e+00
2.590000000000000000e+02 1.478770773638965238e+03 -1.172447122387400009e+00 2.163082269777369859e+01 1.688647429886100060e+00
2.600000000000000000e+02 1.484498567335240296e+03 -1.172354062849100043e+00 2.162308176309059959e+01 1.697565559530900048e+00
2.610000000000000000e+02 1.490226361031515353e+03 -1.172262744358000042e+00 2.161539963331710013e+01 1.706415134212299956e+00
2.620000000000000000e+02 1.495954154727790410e+03 -1.172173125061799936e+00 2.160777566703999852e+01 1.715196941391800012e+00
2.630000000000000000e+02 1.501681948424065467e+03 -1.172085159928599962e+00 2.160020923511299884e+01 1.723911756516300020e+00
2.640000000000000000e+02 1.507409742120340525e+03 -1.171998812106100019e+00 2.159269971450299863e+01 1.732560343246799972e+00
2.650000000000000000e+02 1.513137535816615582e+03 -1.171914041423399944e+00 2.158524649580829902e+01 1.741143453681400111e+00
2.660000000000000000e+02 1.518865329512890639e+03 -1.171830804379599966e+00 2.157784896765850036e+01 1.749661828573100042e+00
2.670000000000000000e+02 1.524593123209165697e+03 -1.171749063661599921e+00 2.157050653785540106e+01 1.758116197543099890e+00
2.680000000000000000e+02 1.530320916905440754e+03 -1.171668783539900005e+00 2.156321861789569994e+01 1.766507279289200039e+00
2.690000000000000000e+02 1.536048710601715811e+03 -1.171589924771899938e+00 2.155598462714879915e+01 1.774835781789199984e+00
2.700000000000000000e+02 1.541776504297990869e+03 -1.171512455199799962e+00 2.154880399040619920e+01 1.783102402500299943e+00
2.710000000000000000e+02 1.547504297994265926e+03 -1.171436337410499906e+00 2.154167614582030055e+01 1.791307828553500014e+00
2.720000000000000000e+02 1.553232091690540983e+03 -1.171361539023199949e+00 2.153460053357679982e+01 1.799452736944400000e+00
2.730000000000000000e+02 1.558959885386816040e+03 -1.171288026508400026e+00 2.152757660559479902e+01 1.807537794718999891e+00
2.740000000000000000e+02 1.564687679083091098e+03 -1.171215770032699943e+00 2.152060381736029981e+01 1.815563659156099963e+00
2.750000000000000000e+02 1.570415472779366155e+03 -1.171144738131300045e+00 2.151368163388109878e+01 1.823530977945200027e+00
2.760000000000000000e+02 1.576143266475641212e+03 -1.171074901819399994e+00 2.150680952098129950e+01 1.831440389361000065e+00
2.770000000000000000e+02 1.581871060171916270e+03 -1.171006231071499926e+00 2.149998696270679943e+01 1.839292522433300103e+00
2.780000000000000000e+02 1.587598853868191327e+03 -1.170938698927900035e+00 2.149321343662720096e+01 1.847087997114700064e+00
2.790000000000000000e+02 1.593326647564466384e+03 -1.170872279833399920e+00 2.148648843633030125e+01 1.854827424442800021e+00
2.800000000000000000e+02 1.599054441260741442e+03 -1.170806945947099997e+00 2.147981145309099915e+01 1.862511406700499972e+00
2.810000000000000000e+02 1.604782234957016499e+03 -1.170742671319199957e+00 2.147318199919790160e+01 1.870140537571900019e+00
2.820000000000000000e+02 1.610510028653291556e+03 -1.170679435515399991e+00 2.146659957326529877e+01 1.877715402295399905e+00
2.830000000000000000e+02 1.616237822349566613e+03 -1.170617214000200024e+00 2.146006369018380155e+01 1.885236577813200087e+00
2.840000000000000000e+02 1.621965616045841671e+03 -1.170555986540299909e+00 2.145357387006869843e+01 1.892704632917999952e+00
2.850000000000000000e+02 1.627693409742116728e+03 -1.170495730775100052e+00 2.144712964282780021e+01 1.900120128396100005e+00
2.860000000000000000e+02 1.633421203438391785e+03 -1.170436426018300002e+00 2.144073053291879916e+01 1.907483617168099999e+00
2.870000000000000000e+02 1.639148997134666843e+03 -1.170378052851499984e+00 2.143437608305919895e+01 1.914795644426100063e+00
2.880000000000000000e+02 1.644876790830941900e+03 -1.170320596955799930e+00 2.142806582589140163e+01 1.922056747768299934e+00
2.890000000000000000e+02 1.650604584527216957e+03 -1.170264037532799950e+00 2.142179930825989942e+01 1.929267457330599900e+00
2.900000000000000000e+02 1.656332378223492015e+03 -1.170208360481000076e+00 2.141557609118680006e+01 1.936428295916200026e+00
2.910000000000000000e+02 1.662060171919767072e+03 -1.170153547858000076e+00 2.140939572820619929e+01 1.943539779121300048e+00
2.920000000000000000e+02 1.667787965616042129e+03 -1.170099586696599969e+00 2.140325777654080142e+01 1.950602415459200101e+00
2.930000000000000000e+02 1.673515759312317186e+03 -1.170046465114100043e+00 2.139716179562439891e+01 1.957616706481299929e+00
2.940000000000000000e+02 1.679243553008592244e+03 -1.169994170676500023e+00 2.139110736750710018e+01 1.964583146896099919e+00
2.950000000000000000e+02 1.684971346704867301e+03 -1.169942684970799895e+00 2.138509405965239907e+01 1.971502224685300009e+00
2.960000000000000000e+02 1.690699140401142358e+03 -1.169892005714499916e+00 2.137912145591059954e+01 1.978374421217999890e+00
2.970000000000000000e+02 1.696426934097417416e+03 -1.169842119404800096e+00 2.137318913740390158e+01 1.985200211361699996e+00
2.980000000000000000e+02 1.702154727793692473e+03 -1.169793015655999913e+00 2.136729669586179980e+01 1.991980063592700079e+00
2.990000000000000000e+02 1.707882521489967530e+03 -1.169744686971700087e+00 2.136144371921499996e+01 1.998714440102199896e+00
3.000000000000000000e+02 1.713610315186242588e+03 -1.169697130071400082e+00 2.135562980289610024e+01 2.005403796902200053e+00
3.010000000000000000e+02 1.719338108882517645e+03 -1.169650330702799890e+00 2.134985454786490067e+01 2.012048583927899870e+00
3.020000000000000000e+02 1.725065902578792702e+03 -1.169604291092599890e+00 2.134411756282939976e+01 2.018649245138799841e+00
3.030000000000000000e+02 1.730793696275067759e+03 -1.169558998758200019e+00 2.133841845549759952e+01 2.025206218617699783e+00
3.040000000000000000e+02 1.736521489971342817e+03 -1.169514454657500035e+00 2.133275683369879872e+01 2.031719936667100157e+00
3.050000000000000000e+02 1.742249283667617874e+03 -1.169470653315900055e+00 2.132713231557659839e+01 2.038190825904900194e+00
3.060000000000000000e+02 1.747977077363892931e+03 -1.169427594935199988e+00 2.132154451988409960e+01 2.044619307357100180e+00
3.070000000000000000e+02 1.753704871060167989e+03 -1.169385274444699974e+00 2.131599306745230038e+01 2.051005796549199900e+00
3.080000000000000000e+02 1.759432664756443046e+03 -1.169343689267400066e+00 2.131047759601380065e+01 2.057350703595799857e+00
3.090000000000000000e+02 1.765160458452718103e+03 -1.169302847088200092e+00 2.130499772415840098e+01 2.063654433288300005e+00
3.100000000000000000e+02 1.770888252148993161e+03 -1.169262739480700031e+00 2.129955309288289911e+01 2.069917385181100133e+00
3.110000000000000000e+02 1.776616045845268218e+03 -1.169223371983999948e+00 2.129414333330170095e+01 2.076139953675999905e+00
3.120000000000000000e+02 1.782343839541543275e+03 -1.169184744617600025e+00 2.128876809203810083e+01 2.082322528104899817e+00
3.130000000000000000e+02 1.788071633237818332e+03 -1.169146860712900082e+00 2.128342700839669988e+01 2.088465492811100166e+00
3.140000000000000000e+02 1.793799426934093390e+03 -1.169109724984499943e+00 2.127811973544569923e+01 2.094569227228700203e+00
3.150000000000000000e+02 1.799527220630368447e+03 -1.169073342668299986e+00 2.127284591117339829e+01 2.100634105961200149e+00
3.160000000000000000e+02 1.805255014326643504e+03 -1.169037712203299995e+00 2.126760520517520092e+01 2.106660498857699793e+00
3.170000000000000000e+02 1.810982808022918562e+03 -1.169002839996899912e+00 2.126239726699710175e+01 2.112648771088399879e+00
3.180000000000000000e+02 1.816710601719193619e+03 -1.168968736114500029e+00 2.125722175954059878e+01 2.118599283218100204e+00
3.190000000000000000e+02 1.822438395415468676e+03 -1.168935402651700040e+00 2.125207834434129950e+01 2.124512391278599921e+00
3.200000000000000000e+02 1.828166189111743734e+03 -1.168902852333600029e+00 2.124696668187580073e+01 2.130388446840000061e+00
3.210000000000000000e+02 1.833893982808018791e+03 -1.168871083458600024e+00 2.124188645090299943e+01 2.136227797080000101e+00
3.220000000000000000e+02 1.839621776504293848e+03 -1.168840112721500013e+00 2.123683731849639855e+01 2.142030784852599901e+00
3.230000000000000000e+02 1.845349570200568905e+03 -1.168809943655199968e+00 2.123181896253990075e+01 2.147797748754900038e+00
3.240000000000000000e+02 1.851077363896843963e+03 -1.168780587970100093e+00 2.122683105963029959e+01 2.153529023193100134e+00
3.250000000000000000e+02 1.856805157593119020e+03 -1.168752053990200102e+00 2.122187329060470162e+01 2.159224938447299902e+00
3.260000000000000000e+02 1.862532951289394077e+03 -1.168724350316699967e+00 2.121694533974509866e+01 2.164885820734800070e+00
3.270000000000000000e+02 1.868260744985669135e+03 -1.168697489806499901e+00 2.121204689082230033e+01 2.170511992272300184e+00
3.280000000000000000e+02 1.873988538681944192e+03 -1.168671484032899999e+00 2.120717764190050048e+01 2.176103771336999948e+00
3.290000000000000000e+02 1.879716332378219249e+03 -1.168646343873700033e+00 2.120233727232589871e+01 2.181661472326899887e+00
3.300000000000000000e+02 1.885444126074494307e+03 -1.168622079349100007e+00 2.119752548450290064e+01 2.187185405819500161e+00
3.310000000000000000e+02 1.891171919770769364e+03 -1.168598703157899932e+00 2.119274197844740115e+01 2.192675878629799957e+00
3.320000000000000000e+02 1.896899713467044421e+03 -1.168576231147300026e+00 2.118798645206869935e+01 2.198133193866799839e+00
3.330000000000000000e+02 1.902627507163319478e+03 -1.168554671256099908e+00 2.118325861449919856e+01 2.203557650989900196e+00
3.340000000000000000e+02 1.908355300859594536e+03 -1.168534040654700012e+00 2.117855816054909823e+01 2.208949545862799901e+00
3.350000000000000000e+02 1.914083094555869593e+03 -1.168514349048900058e+00 2.117388480526919992e+01 2.214309170808100191e+00
3.360000000000000000e+02 1.919810888252144650e+03 -1.168495616731999975e+00 2.116923826330430103e+01 2.219636814659600166e+00
3.370000000000000000e+02 1.925538681948419708e+03 -1.168477852678299955e+00 2.116461823982979951e+01 2.224932762814599840e+00
3.380000000000000000e+02 1.931266475644694765e+03 -1.168461070897800047e+00 2.116002446120609903e+01 2.230197297284500113e+00
3.390000000000000000e+02 1.936994269340969822e+03 -1.168445290390399904e+00 2.115545663487149852e+01 2.235430696745099866e+00
3.400000000000000000e+02 1.942722063037244880e+03 -1.168430526144299986e+00 2.115091449325310080e+01 2.240633236585499954e+00
3.410000000000000000e+02 1.948449856733519937e+03 -1.168416787955500080e+00 2.114639775949759937e+01 2.245805188956799814e+00
3.420000000000000000e+02 1.954177650429794994e+03 -1.168404098697900073e+00 2.114190615392550043e+01 2.250946822819300142e+00
3.430000000000000000e+02 1.959905444126070051e+03 -1.168392471944700084e+00 2.113743940618000039e+01 2.256058403989099848e+00
3.440000000000000000e+02 1.965633237822345109e+03 -1.168381918258400098e+00 2.113299726066220074e+01 2.261140195183899859e+00
3.450000000000000000e+02 1.971361031518620166e+03 -1.168372454748199951e+00 2.112857944355900131e+01 2.266192456068400141e+00
3.460000000000000000e+02 1.977088825214895223e+03 -1.168364104601800069e+00 2.112418568755219894e+01 2.271215443297899927e+00
3.470000000000000000e+02 1.982816618911170281e+03 -1.168356877601300026e+00 2.111981573971689841e+01 2.276209410562299862e+00
3.480000000000000000e+02 1.988544412607445338e+03 -1.168350792897399959e+00 2.111546934749749838e+01 2.281174608628400158e+00
3.490000000000000000e+02 1.994272206303720395e+03 -1.168345865306400055e+00 2.111114623945929836e+01 2.286111285382300018e+00
3.500000000000000000e+02 1.999999999999995453e+03 -1.168342111248299897e+00 2.110684617685580022e+01 2.291019685870100187e+00
1.000000000000000000e+00 2.000000000000000000e+03 -1.176120374586899997e+00 2.109223562826840137e+01 2.291019685870100187e+00
2.000000000000000000e+00 2.600000000000000000e+03 -1.191223842929099996e+00 2.072001428403740064e+01 2.685399758361600053e+00
3.000000000000000000e+00 3.200000000000000000e+03 -1.212171125133399974e+00 2.046795558000779991e+01 2.931887303668800016e+00
4.000000000000000000e+00 3.800000000000000000e+03 -1.236167714569800014e+00 2.027867683147400157e+01 3.100536676773700151e+00
5.000000000000000000e+00 4.400000000000000000e+03 -1.260950760016400052e+00 2.012825450975250163e+01 3.223190766304599997e+00
6.000000000000000000e+00 5.000000000000000000e+03 -1.284073682582300036e+00 2.000662161288870067e+01 3.316407874348000107e+00
1.000000000000000000e+00 5.000000000000000000e+03 -1.289872757246599999e+00 1.999580746803459874e+01 3.316407874348000107e+00
2.000000000000000000e+00 5.789473684210526699e+03 -1.327512670468999900e+00 1.984825764473740151e+01 3.409624982391500136e+00
3.000000000000000000e+00 6.578947368421053397e+03 -1.366472693770399927e+00 1.971807893264900002e+01 3.480469984504499958e+00
4.000000000000000000e+00 7.368421052631580096e+03 -1.406498301295399989e+00 1.959957052504449848e+01 3.536133914736200090e+00
5.000000000000000000e+00 8.157894736842106795e+03 -1.447436631609900104e+00 1.948925693922329927e+01 3.581024181051999822e+00
6.000000000000000000e+00 8.947368421052633494e+03 -1.489191491851199922e+00 1.938489893007470144e+01 3.617992635665100210e+00
7.000000000000000000e+00 9.736842105263160192e+03 -1.531700688356200102e+00 1.928498972968040093e+01 3.648966205746300151e+00
8.000000000000000000e+00 1.052631578947368689e+04 -1.574923112388799895e+00 1.918847888399769985e+01 3.675293740315300095e+00
9.000000000000000000e+00 1.131578947368421359e+04 -1.618831558170999996e+00 1.909461185698059893e+01 3.697947665409599960e+00
1.000000000000000000e+01 1.210526315789474029e+04 -1.663407978158299994e+00 1.900283343820910176e+01 3.717646730709000202e+00
1.100000000000000000e+01 1.289473684210526699e+04 -1.708639512991799947e+00 1.891272672265790078e+01 3.734933665563500149e+00
1.200000000000000000e+01 1.368421052631579369e+04 -1.754518958733999989e+00 1.882397269901899861e+01 3.750225954088699964e+00
1.300000000000000000e+01 1.447368421052632038e+04 -1.801052406002199957e+00 1.873631926553250082e+01 3.763849992956600055e+00
1.400000000000000000e+01 1.526315789473684708e+04 -1.848225701941299981e+00 1.864957678124210005e+01 3.776064648493299813e+00
1.500000000000000000e+01 1.605263157894737378e+04 -1.896044644383299893e+00 1.856358775895629876e+01 3.787077862501900150e+00
1.600000000000000000e+01 1.684210526315790048e+04 -1.944511579335699958e+00 1.847822703590950155e+01 3.797058587697100140e+00
1.700000000000000000e+01 1.763157894736842718e+04 -1.993630018729900089e+00 1.839339318662790035e+01 3.806145516606199930e+00
1.800000000000000000e+01 1.842105263157895388e+04 -2.043404474565800211e+00 1.830900302625959952e+01 3.814453565894500020e+00
1.900000000000000000e+01 1.921052631578948058e+04 -2.093839831322700018e+00 1.822498965430629880e+01 3.822078761816599890e+00
2.000000000000000000e+01 2.000000000000000728e+04 -2.144941862481700046e+00 1.814129722615049900e+01 3.829101968587000027e+00
