  1            1.00000000      19381.13779940       2032.98647701       6370.02429463      19381.13774749
  2           11.01000000        159.88386249         16.77103448         52.54924138        159.88386206
  3           21.02000000         43.86456693          4.60117834         14.41702546         43.86456682
  4           31.03000000         20.12869959          2.11140205          6.61572642         20.12869953
  5           41.04000000         11.50706497          1.20703478          3.78204232         11.50706494
  6           51.05000000          7.43682867          0.78008692          2.44427235          7.43682865
  7           61.06000000          5.19835183          0.54528166          1.70854920          5.19835181
  8           71.07000000          3.83713111          0.40249627          1.26115498          3.83713110
  9           81.08000000          2.94816502          0.30924808          0.96897731          2.94816501
 10           91.09000000          2.33581189          0.24501523          0.76771440          2.33581189
 11          101.10000000          1.89616863          0.19889881          0.62321626          1.89616863
 12          111.11000000          1.56990356          0.16467520          0.51598229          1.56990356
 13          121.12000000          1.32113606          0.13858070          0.43421954          1.32113605
 14          131.13000000          1.12713295          0.11823073          0.37045628          1.12713295
 15          141.14000000          0.97292428          0.10205499          0.31977232          0.97292428
 16          151.15000000          0.84832637          0.08898528          0.27882055          0.84832637
 17          161.16000000          0.74621634          0.07827444          0.24525991          0.74621633
 18          171.17000000          0.66149104          0.06938717          0.21741314          0.66149104
 19          181.18000000          0.59041687          0.06193184          0.19405310          0.59041687
 20          191.19000000          0.53021123          0.05561656          0.17426523          0.53021123
 21          201.20000000          0.47876602          0.05022021          0.15735666          0.47876602
 22          211.21000000          0.43446052          0.04557278          0.14279472          0.43446052
 23          221.22000000          0.39603220          0.04154184          0.13016443          0.39603219
 24          231.23000000          0.36248573          0.03802298          0.11913867          0.36248573
 25          241.24000000          0.33302791          0.03493300          0.10945672          0.33302791
 26          251.25000000          0.30702033          0.03220493          0.10090878          0.30702033
 27          261.26000000          0.28394448          0.02978439          0.09332441          0.28394448
 28          271.27000000          0.26337572          0.02762682          0.08656405          0.26337572
 29          281.28000000          0.24496360          0.02569548          0.08051251          0.24496360
 30          291.29000000          0.22841684          0.02395981          0.07507407          0.22841684
 31          301.30000000          0.21349171          0.02239423          0.07016860          0.21349170
 32          311.31000000          0.19998302          0.02097724          0.06572869          0.19998302
 33          321.32000000          0.18771706          0.01969060          0.06169722          0.18771706
 34          331.33000000          0.17654595          0.01851881          0.05802559          0.17654595
 35          341.34000000          0.16634314          0.01744858          0.05467222          0.16634314
 36          351.35000000          0.15699989          0.01646852          0.05160136          0.15699989
 37          361.36000000          0.14842229          0.01556877          0.04878215          0.14842228
 38          371.37000000          0.14052890          0.01474079          0.04618782          0.14052890
 39          381.38000000          0.13324884          0.01397715          0.04379507          0.13324884
 40          391.39000000          0.12652019          0.01327135          0.04158356          0.12652018
 41          401.40000000          0.12028862          0.01261769          0.03953542          0.12028862
 42          411.41000000          0.11450635          0.01201116          0.03763496          0.11450635
 43          421.42000000          0.10913121          0.01144733          0.03586830          0.10913121
 44          431.43000000          0.10412586          0.01092229          0.03422318          0.10412586
 45          441.44000000          0.09945713          0.01043257          0.03268871          0.09945713
 46          451.45000000          0.09509550          0.00997505          0.03125516          0.09509550
 47          461.46000000          0.09101462          0.00954699          0.02991390          0.09101462
 48          471.47000000          0.08719090          0.00914590          0.02865715          0.08719090
 49          481.48000000          0.08360317          0.00876956          0.02747797          0.08360317
 50          491.49000000          0.08023242          0.00841599          0.02637010          0.08023242
 51          501.50000000          0.07706149          0.00808337          0.02532790          0.07706149
 52          511.51000000          0.07407489          0.00777009          0.02434629          0.07407489
 53          521.52000000          0.07125861          0.00747468          0.02342066          0.07125861
 54          531.53000000          0.06859994          0.00719580          0.02254683          0.06859994
 55          541.54000000          0.06608733          0.00693224          0.02172101          0.06608733
 56          551.55000000          0.06371028          0.00668290          0.02093974          0.06371028
 57          561.56000000          0.06145921          0.00644677          0.02019988          0.06145920
 58          571.57000000          0.05932536          0.00622294          0.01949855          0.05932536
 59          581.58000000          0.05730075          0.00601057          0.01883312          0.05730075
 60          591.59000000          0.05537805          0.00580889          0.01820118          0.05537804
 61          601.60000000          0.05355051          0.00561719          0.01760052          0.05355051
 62          611.61000000          0.05181197          0.00543482          0.01702911          0.05181197
 63          621.62000000          0.05015674          0.00526120          0.01648508          0.05015674
 64          631.63000000          0.04857958          0.00509576          0.01596672          0.04857958
 65          641.64000000          0.04707566          0.00493801          0.01547242          0.04707566
 66          651.65000000          0.04564051          0.00478747          0.01500073          0.04564051
 67          661.66000000          0.04427000          0.00464371          0.01455028          0.04427000
 68          671.67000000          0.04296031          0.00450633          0.01411982          0.04296031
 69          681.68000000          0.04170788          0.00437495          0.01370819          0.04170788
 70          691.69000000          0.04050944          0.00424924          0.01331429          0.04050944
 71          701.70000000          0.03936192          0.00412887          0.01293714          0.03936192
 72          711.71000000          0.03826248          0.00401355          0.01257578          0.03826248
 73          721.72000000          0.03720847          0.00390299          0.01222936          0.03720847
 74          731.73000000          0.03619741          0.00379693          0.01189705          0.03619741
 75          741.74000000          0.03522702          0.00369514          0.01157811          0.03522702
 76          751.75000000          0.03429513          0.00359739          0.01127182          0.03429513
 77          761.76000000          0.03339973          0.00350347          0.01097753          0.03339973
 78          771.77000000          0.03253895          0.00341318          0.01069462          0.03253895
 79          781.78000000          0.03171102          0.00332633          0.01042250          0.03171102
 80          791.79000000          0.03091429          0.00324276          0.01016064          0.03091429
 81          801.80000000          0.03014721          0.00316230          0.00990852          0.03014721
 82          811.81000000          0.02940834          0.00308479          0.00966568          0.02940834
 83          821.82000000          0.02869630          0.00301010          0.00943165          0.02869630
 84          831.83000000          0.02800981          0.00293809          0.00920602          0.02800981
 85          841.84000000          0.02734766          0.00286864          0.00898839          0.02734766
 86          851.85000000          0.02670872          0.00280161          0.00877839          0.02670872
 87          861.86000000          0.02609191          0.00273691          0.00857566          0.02609191
 88          871.87000000          0.02549622          0.00267443          0.00837988          0.02549622
 89          881.88000000          0.02492070          0.00261406          0.00819072          0.02492070
 90          891.89000000          0.02436445          0.00255571          0.00800790          0.02436445
 91          901.90000000          0.02382662          0.00249930          0.00783113          0.02382662
 92          911.91000000          0.02330641          0.00244473          0.00766015          0.02330641
 93          921.92000000          0.02280304          0.00239193          0.00749471          0.02280304
 94          931.93000000          0.02231581          0.00234082          0.00733457          0.02231581
 95          941.94000000          0.02184403          0.00229133          0.00717951          0.02184403
 96          951.95000000          0.02138706          0.00224340          0.00702931          0.02138706
 97          961.96000000          0.02094427          0.00219695          0.00688378          0.02094427
 98          971.97000000          0.02051510          0.00215193          0.00674272          0.02051510
 99          981.98000000          0.02009898          0.00210828          0.00660596          0.02009898
100         1000.00000000          0.01938114          0.00203299          0.00637002          0.01938114
