  1            0.00000000          0.00000000          0.00000000          0.00000000          0.00000000          0.00000000          0.00000000          0.00000000
  2            0.00683995      61550.31879480     653896.17712817    1172198.82044334    1838592.67122214    2653113.45513252    3615657.06162318          0.00001351
  3            0.01367989       9599.58138902     157686.04596823     287261.43251899     453860.16949290     657490.24803963     898125.92426098          0.00005402
  4            0.02051984        137.69419753      65953.90060134     123541.72909757     197586.84441177     288088.57403348     395036.75072995          0.00012155
  5            0.02735978      -2997.16154083      34024.45416546      66414.31283795     108067.98517237     158973.79791708     219129.43844971          0.00021609
  6            0.03419973      -4269.05041783      19424.78333802      40147.64113915      66812.64327228      99389.51833939     137883.65643190          0.00033764
  7            0.04103967      -4788.06275310      11665.99434684      26045.61370856      44574.22877372      67192.25104149      93915.02563938          0.00048620
  8            0.04787962      -4942.04803371       7146.68396365      17694.44871132      31324.15199340      47934.29041604      67553.45867433          0.00066178
  9            0.05471956      -4899.09419683       4356.47563700      12409.03163413      22867.31228435      35574.64686626      50576.53191509          0.00086436
 10            0.06155951      -4744.12629284       2569.28300077       8902.29042273      17195.02845049      27222.92171254      39051.89343073          0.00109396
 11            0.06839945      -4525.16909450       1399.51521530       6493.50091305      13246.14570911      21353.73741075      30905.65689497          0.00135056
 12            0.07523940      -4271.64673331        626.38439785       4794.80694010      10416.56200624      17099.80532386      24959.65281537          0.00163418
 13            0.08207934      -4002.55580282        115.91940789       3572.09566929       8341.66649969      13938.35789276      20504.38224998          0.00194481
 14            0.08891929      -3730.51437015       -216.90768755       2677.50359816       6790.90602313      11539.22178076      17092.12289423          0.00228245
 15            0.09575923      -3463.96505258       -427.97574191       2014.23174682       5612.91581501       9685.79532846      14429.34315033          0.00264710
 16            0.10259918      -3208.48136099       -555.01436982       1517.07984690       4705.23309299       8231.47266679      12317.40699043          0.00303877
 17            0.10943912      -2967.60401707       -624.04090452       1141.12559300       3996.73188431       7074.40771932      10618.26559621          0.00345744
 18            0.11627907      -2743.41184901       -653.29352408        854.85623676       3436.99884070       6142.27868702       9233.77221415          0.00390313
 19            0.12311902      -2536.93104810       -655.72113331        635.84804370       2989.67287417       5382.75678023       8092.76433628          0.00437582
 20            0.12995896      -2348.43814093       -640.60453862        467.96192474       2628.13988124       4757.35812227       7142.74879464          0.00487553
 21            0.13679891      -2177.68766998       -614.63428948        339.47121008       2332.67582719       4237.37175085       6344.40767231          0.00540225
 22            0.14363885      -2024.08295357       -582.63650952        241.77737958       2088.50765153       3801.10029226       5667.88436914          0.00595598
 23            0.15047880      -1886.80175334       -548.06292159        168.50364176       1884.47107134       3431.95276002       5090.22237005          0.00653672
 24            0.15731874      -1764.88545039       -513.31883194        114.83555400       1712.06535540       3117.10354243       4593.56752462          0.00714447
 25            0.16415869      -1657.29895900       -479.98104572         77.02960734       1564.77725998       2846.53544166       4163.88627247          0.00777924
 26            0.17099863      -1562.96821980       -448.94984846         52.04878567       1437.59057118       2612.34804618       3790.03876125          0.00844101
 27            0.17783858      -1480.80209652       -420.57697314         37.31134494       1326.62557628       2408.25242468       3463.09995972          0.00912980
 28            0.18467852      -1409.70532252       -394.80246077         30.54911101       1228.87076562       2229.19853762       3175.85652567          0.00984560
 29            0.19151847      -1348.58834619       -371.30965241         29.75999041       1141.98090247       2071.09834163       2922.42981516          0.01058841
 30            0.19835841      -1296.37826819       -349.67897158         33.21792583       1064.12352299       1930.61857798       2697.99046392          0.01135823
 31            0.20519836      -1252.03272212       -329.50906004         39.49518003        993.86130018       1805.02468671       2498.54014683          0.01215506
 32            0.21203830      -1214.55614994       -310.48599112         47.46588064        930.06137179       1692.06241600       2320.74311865          0.01297890
 33            0.21887825      -1183.01624980       -292.40322692         56.28308181        871.82523866       1589.86728677       2161.79503093          0.01382976
 34            0.22571819      -1156.55790746       -275.14909978         65.33744406        818.43455258       1496.89462321       2019.31999621          0.01470762
 35            0.23255814      -1134.41256981       -258.68025292         74.20952677        769.30928753       1411.86469589       1891.28937477          0.01561250
 36            0.23939808      -1115.90223634       -242.99398677         82.62457821        723.97560241       1333.71886752       1775.95756850          0.01654439
 37            0.24623803      -1100.43842041       -228.10592111         90.41419632        682.04128632       1261.58364852       1671.81139065          0.01750329
 38            0.25307798      -1087.51718912       -214.03471165         97.48594371        643.17710991       1194.74038785       1577.53044261          0.01848920
 39            0.25991792      -1076.71165678       -200.79310983        103.80027630        607.10274399       1132.59902799       1491.95645032          0.01950212
 40            0.26675787      -1067.66320761       -188.38377886        109.35350996        573.57617823       1074.67497317       1414.06978472          0.02054205
 41            0.27359781      -1060.07243858       -176.79824966        114.16548645        542.38579661       1020.56863330       1342.97152663          0.02160900
 42            0.28043776      -1053.69048803       -166.01771285        118.27077331        513.34445030        969.94756301       1277.86955540          0.02270295
 43            0.28727770      -1048.31113172       -156.01472291        121.71246669        486.28501932        922.53127877       1218.06732770          0.02382392
 44            0.29411765      -1043.76381694       -146.75522030        124.53788673        461.05707520        878.07882140       1162.95429209          0.02497190
 45            0.30095759      -1039.90766511       -138.20052343        126.79563741        437.52435256        836.37899678       1111.99721824          0.02614689
 46            0.30779754      -1036.62639143       -130.30910942        128.53364384        415.56281181        797.24306016       1064.73204206          0.02734889
 47            0.31463748      -1033.82404838       -123.03810767        129.79788632        395.05913183        760.49947656       1020.75608113          0.02857790
 48            0.32147743      -1031.42148523       -116.34449272        130.63162832        375.90951411        725.99032620        979.72063405          0.02983392
 49            0.32831737      -1029.35341578       -110.18599579        131.07499263        358.01871194        693.56892930        941.32404854          0.03111696
 50            0.33515732      -1027.56599519       -104.52177001        131.16478149        341.29922121        663.09831797        905.30535120          0.03242700
 51            0.34199726      -1026.01481905        -99.31284952        130.93446641        325.67058695        634.45025924        871.43850521          0.03376406
 52            0.34883721      -1024.66327015        -94.52244167        130.41429524        311.05879188        607.50461174        839.52732421          0.03512813
 53            0.35567715      -1023.48115107        -90.11608803        129.63147973        297.39570240        582.14886771        809.40103396          0.03651921
 54            0.36251710      -1022.44355139        -86.06172504        128.61043810        284.61855409        558.27778560        780.91044663          0.03793730
 55            0.36935705      -1021.52990754        -82.32967017        127.37307501        272.66946388        535.79305803        753.92469474          0.03938240
 56            0.37619699      -1020.72322143        -78.89255445        125.93908650        261.49495988        514.60298589        728.32846344          0.04085451
 57            0.38303694      -1020.00940997        -75.72521844        124.32628052        251.04552362        494.62214607        704.01965786          0.04235363
 58            0.38987688      -1019.37676335        -72.80458457        122.55090517        241.27514281        475.77105000        680.90744443          0.04387977
 59            0.39671683      -1018.81549357        -70.10951611        120.62797624        232.14087614        457.97579534        658.91061025          0.04543292
 60            0.40355677      -1018.31735870        -67.62067040        118.57159481        223.60243538        441.16771520        637.95619028          0.04701307
 61            0.41039672      -1017.87535043        -65.32035196        116.39524339        215.62179341        425.28303013        617.97831887          0.04862024
 62            0.41723666      -1017.48343520        -63.19236944        114.11204770        208.16282974        410.26250741        598.91726828          0.05025442
 63            0.42407661      -1017.13634049        -61.22189938        111.73499023        201.19102655        396.05113177        580.71864230          0.05191562
 64            0.43091655      -1016.82937947        -59.39535836        109.27706263        194.67322792        382.59779037        563.33269858          0.05360382
 65            0.43775650      -1016.55830817        -57.70028478        106.75134729        188.57747189        369.85497440        546.71377728          0.05531903
 66            0.44459644      -1016.31921037        -56.12523070        104.17102418        182.87289965        357.77849851        530.81981785          0.05706126
 67            0.45143639      -1016.10840602        -54.65966385        101.54930600        177.52973900        346.32723884        515.61194851          0.05883050
 68            0.45827633      -1015.92237956        -53.29387963         98.89931255        172.51935167        335.46288982        501.05413609          0.06062674
 69            0.46511628      -1015.75772518        -52.01892266         96.23390154        167.81432751        325.14973952        487.11288590          0.06245000
 70            0.47195622      -1015.61110627        -50.82651734         93.56547705        163.38860481        315.35446299        473.75698312          0.06430027
 71            0.47879617      -1015.47922666        -49.70900675         90.90579735        159.21759520        306.04593288        460.95726887          0.06617755
 72            0.48563611      -1015.35881183        -48.65929917         88.26580122        155.27829435        297.19504636        448.68644531          0.06808185
 73            0.49247606      -1015.24659807        -47.67082151         85.65546706        151.54936414        288.77456752        436.91890505          0.07001315
 74            0.49931601      -1015.13932821        -46.73747894         83.08371306        148.01117821        280.75898401        425.63058103          0.07197147
 75            0.50615595      -1015.03375243        -45.85361983         80.55834094        144.64582833        273.12437696        414.79881388          0.07395679
 76            0.51299590      -1014.92663312        -45.01400552         78.08602097        141.43709379        265.84830317        404.40223398          0.07596913
 77            0.51983584      -1014.81475265        -44.21378408         75.67231275        138.37037912        258.90968849        394.42065617          0.07800848
 78            0.52667579      -1014.69492316        -43.44846745         73.32171453        135.43262724        252.28873134        384.83498532          0.08007484
 79            0.53351573      -1014.56399779        -42.71391146         71.03773340        132.61221539        245.96681559        375.62713117          0.08216821
 80            0.54035568      -1014.41888253        -42.00629804         68.82296900        129.89884088        239.92643168        366.77993127          0.08428859
 81            0.54719562      -1014.25654833        -41.32211933         66.67920471        127.28340247        234.15110534        358.27708096          0.08643599
 82            0.55403557      -1014.07404296        -40.65816310         64.60750113        124.75788220        228.62533296        350.10306934          0.08861039
 83            0.56087551      -1013.86850230        -40.01149924         62.60828815        122.31523102        223.33452296        342.24312058          0.09081181
 84            0.56771546      -1013.63716087        -39.37946684         60.68145302        119.94926063        218.26494242        334.68313980          0.09304024
 85            0.57455540      -1013.37736133        -38.75966194         58.82642252        117.65454297        213.40366833        327.40966295          0.09529568
 86            0.58139535      -1013.08656288        -38.14992529         57.04223836        115.42631817        208.73854295        320.40981016          0.09757813
 87            0.58823529      -1012.76234842        -37.54833047         55.32762537        113.26041105        204.25813269        313.67124212          0.09988759
 88            0.59507524      -1012.40243051        -36.95317183         53.68105231        111.15315616        199.95168999        307.18211889          0.10222406
 89            0.60191518      -1012.00465611        -36.36295254         52.10078557        109.10133088        195.80911792        300.93106106          0.10458755
 90            0.60875513      -1011.56701003        -35.77637252         50.58493626        107.10209618        191.82093692        294.90711263          0.10697804
 91            0.61559508      -1011.08761728        -35.19231630         49.13150091        105.15294427        187.97825357        289.09970545          0.10939555
 92            0.62243502      -1010.56474432        -34.60984088         47.73839659        103.25165269        184.27273092        283.49862490          0.11184007
 93            0.62927497      -1009.99679925        -34.02816363         46.40349083        101.39624416        180.69656023        278.09397665          0.11431160
 94            0.63611491      -1009.38233115        -33.44665025         45.12462688         99.58495151        177.24243393        272.87615434          0.11681014
 95            0.64295486      -1008.72002846        -32.86480289         43.89964495         97.81618729        173.90351961        267.83580803          0.11933569
 96            0.64979480      -1008.00871673        -32.28224843         42.72639973         96.08851742        170.67343488        262.96381373          0.12188825
 97            0.65663475      -1007.24735567        -31.69872718         41.60277482         94.40063850        167.54622311        258.25124420          0.12446782
 98            0.66347469      -1006.43503562        -31.11408176         40.52669433         92.75135825        164.51632982        253.68934169          0.12707441
 99            0.67031464      -1005.57097359        -30.52824654         39.49613210         91.13957875        161.57857988        249.26949367          0.12970801
100            0.67715458      -1004.65450893        -29.94123743         38.50911883         89.56428223        158.72815530        244.98321321          0.13236861
101            0.68399453      -1003.68509857        -29.35314225         37.56374751         88.02451883        155.96057369        240.82212624          0.13505623
102            0.69083447      -1002.66231220        -28.76411157         36.65817721         86.51939639        153.27166748        236.77796900          0.13777086
103            0.69767442      -1001.58582712        -28.17435019         35.79063572         85.04807173        150.65756371        232.84259931          0.14051250
104            0.70451436      -1000.45542305        -27.58410915         34.95942102         83.60974337        148.11466460        229.00802648          0.14328116
105            0.71135431       -999.27097687        -26.99367830         34.16290193         82.20364546        145.63962880        225.26646419          0.14607682
106            0.71819425       -998.03245734        -26.40337953         33.39951799         80.82904270        143.22935347        221.61040990          0.14889950
107            0.72503420       -996.73991983        -25.81356054         32.66777872         79.48522616        140.88095704        218.03275145          0.15174918
108            0.73187415       -995.39350112        -25.22458914         31.96626242         78.17150984        138.59176285        214.52689723          0.15462588
109            0.73871409       -993.99341427        -24.63684820         31.29361458         76.88722784        136.35928360        211.08691967          0.15752959
110            0.74555404       -992.53994364        -24.05073099         30.64854600         75.63173210        134.18120656        207.70769534          0.16046031
111            0.75239398       -991.03343996        -23.46663716         30.02983065         74.40439053        132.05537971        204.38502003          0.16341804
112            0.75923393       -989.47431569        -22.88496906         29.43630340         73.20458552        129.97979869        201.11567644          0.16640278
113            0.76607387       -987.86304035        -22.30612862         28.86685763         72.03171284        127.95259452        197.89743785          0.16941454
114            0.77291382       -986.20013619        -21.73051454         28.32044273         70.88518060        125.97202227        194.72900193          0.17245330
115            0.77975376       -984.48617397        -21.15851994         27.79606165         69.76440863        124.03645041        191.60986241          0.17551908
116            0.78659371       -982.72176884        -20.59053029         27.29276832         68.66882789        122.14435103        188.54013777          0.17861187
117            0.79343365       -980.90757657        -20.02692170         26.80966521         67.59788000        120.29429074        185.52038168          0.18173167
118            0.80027360       -979.04428984        -19.46805945         26.34590084         66.55101699        118.48492241        182.55139944          0.18487848
119            0.80711354       -977.13263471        -18.91429684         25.90066737         65.52770101        116.71497747        179.63408854          0.18805230
120            0.81395349       -975.17336736        -18.36597421         25.47319826         64.52740417        114.98325898        176.76931332          0.19125313
121            0.82079343       -973.16727092        -17.82341817         25.06276597         63.54960839        113.28863525        173.95781626          0.19448098
122            0.82763338       -971.11515251        -17.28694104         24.66867975         62.59380530        111.63003405        171.20016294          0.19773583
123            0.83447332       -969.01784047        -16.75684036         24.29028353         61.65949620        110.00643739        168.49671455          0.20101770
124            0.84131327       -966.87618167        -16.23339867         23.92695383         60.74619194        108.41687680        165.84762106          0.20432657
125            0.84815321       -964.69103909        -15.71688324         23.57809785         59.85341290        106.86042901        163.25282866          0.20766246
126            0.85499316       -962.46328944        -15.20754601         23.24315151         58.98068893        105.33621215        160.71209594          0.21102536
127            0.86183311       -960.19382104        -14.70562356         22.92157771         58.12755930        103.84338230        158.22501472          0.21441528
128            0.86867305       -957.88353172        -14.21133717         22.61286456         57.29357266        102.38113032        155.79103276          0.21783220
129            0.87551300       -955.53332696        -13.72489286         22.31652375         56.47828694        100.94867918        153.40947628          0.22127613
130            0.88235294       -953.14411806        -13.24648158         22.03208900         55.68126931         99.54528137        151.07957123          0.22474708
131            0.88919289       -950.71682052        -12.77627935         21.75911453         54.90209612         98.17021676        148.80046267          0.22824503
132            0.89603283       -948.25235244        -12.31444743         21.49717365         54.14035276         96.82279055        146.57123196          0.23177000
133            0.90287278       -945.75163315        -11.86113252         21.24585741         53.39563361         95.50233156        144.39091175          0.23532198
134            0.90971272       -943.21558182        -11.41646700         21.00477332         52.66754193         94.20819058        142.25849883          0.23890097
135            0.91655267       -940.64511623        -10.98056910         20.77354411         51.95568974         92.93973902        140.17296514          0.24250697
136            0.92339261       -938.04115164        -10.55354317         20.55180662         51.25969770         91.69636760        138.13326691          0.24613998
137            0.93023256       -935.40459971        -10.13547984         20.33921065         50.57919495         90.47748523        136.13835242          0.24980001
138            0.93707250       -932.73636753         -9.72645627         20.13541798         49.91381904         89.28251799        134.18716830          0.25348704
139            0.94391245       -930.03735674         -9.32653636         19.94010138         49.26321572         88.11090826        132.27866485          0.25720109
140            0.95075239       -927.30846266         -8.93577095         19.75294373         48.62703882         86.96211385        130.41180023          0.26094215
141            0.95759234       -924.55057357         -8.55419804         19.57363711         48.00495009         85.83560726        128.58554399          0.26471022
142            0.96443228       -921.76457000         -8.18184301         19.40188207         47.39661903         84.73087509        126.79887981          0.26850530
143            0.97127223       -918.95132409         -7.81871883         19.23738691         46.80172272         83.64741732        125.05080771          0.27232739
144            0.97811218       -916.11169904         -7.46482626         19.07986694         46.21994565         82.58474688        123.34034575          0.27617649
145            0.98495212       -913.24654856         -7.12015411         18.92904393         45.65097955         81.54238904        121.66653132          0.28005260
146            0.99179207       -910.35671641         -6.78467944         18.78464553         45.09452322         80.51988104        120.02842216          0.28395573
147            0.99863201       -907.44303598         -6.45836786         18.64640482         44.55028231         79.51677160        118.42509701          0.28788587
148            1.00547196       -904.50632992         -6.14117374         18.51405979         44.01796917         78.53262055        116.85565605          0.29184301
149            1.01231190       -901.54740978         -5.83304050         18.38735305         43.49730268         77.56699852        115.31922125          0.29582717
150            1.01915185       -898.56707572         -5.53390095         18.26603148         42.98800802         76.61948649        113.81493639          0.29983834
151            1.02599179       -895.56611628         -5.24367757         18.14984596         42.48981652         75.68967560        112.34196710          0.30387652
152            1.03283174       -892.54530810         -4.96228287         18.03855120         42.00246545         74.77716675        110.89950068          0.30794172
153            1.03967168       -889.50541575         -4.68961976         17.93190555         41.52569787         73.88157039        109.48674596          0.31203392
154            1.04651163       -886.44719159         -4.42558194         17.82967096         41.05926240         73.00250622        108.10293296          0.31615314
155            1.05335157       -883.37137558         -4.17005433         17.73161290         40.60291310         72.13960294        106.74731260          0.32029936
156            1.06019152       -880.27869524         -3.92291352         17.63750041         40.15640923         71.29249803        105.41915628          0.32447260
157            1.06703146       -877.16986547         -3.68402820         17.54710610         39.71951512         70.46083750        104.11775552          0.32867285
158            1.07387141       -874.04558859         -3.45325973         17.46020631         39.29199996         69.64427570        102.84242147          0.33290011
159            1.08071135       -870.90655422         -3.23046257         17.37658120         38.87363769         68.84247508        101.59248450          0.33715438
160            1.08755130       -867.75343930         -3.01548487         17.29601495         38.46420678         68.05510599        100.36729373          0.34143566
161            1.09439124       -864.58690805         -2.80816901         17.21829595         38.06349009         67.28184650         99.16621653          0.34574396
162            1.10123119       -861.40761202         -2.60835214         17.14321704         37.67127472         66.52238223         97.98863806          0.35007926
163            1.10807114       -858.21619011         -2.41586681         17.07057574         37.28735188         65.77640610         96.83396080          0.35444158
164            1.11491108       -855.01326860         -2.23054147         17.00017452         36.91151672         65.04361825         95.70160406          0.35883091
165            1.12175103       -851.79946120         -2.05220111         16.93182110         36.54356823         64.32372576         94.59100350          0.36324724
166            1.12859097       -848.57536914         -1.88066784         16.86532866         36.18330906         63.61644260         93.50161069          0.36769059
167            1.13543092       -845.34158125         -1.71576143         16.80051617         35.83054547         62.92148938         92.43289266          0.37216096
168            1.14227086       -842.09867404         -1.55729990         16.73720863         35.48508718         62.23859322         91.38433139          0.37665833
169            1.14911081       -838.84721179         -1.40510007         16.67523737         35.14674726         61.56748763         90.35542343          0.38118271
170            1.15595075       -835.58774670         -1.25897810         16.61444021         34.81534207         60.90791232         89.34567946          0.38573411
171            1.16279070       -832.32081895         -1.11874998         16.55466177         34.49069114         60.25961308         88.35462384          0.39031251
172            1.16963064       -829.04695688         -0.98423206         16.49575361         34.17261713         59.62234163         87.38179424          0.39491793
173            1.17647059       -825.76667709         -0.85524148         16.43757445         33.86094573         58.99585548         86.42674123          0.39955036
174            1.18331053       -822.48048459         -0.73159665         16.37999026         33.55550562         58.37991784         85.48902787          0.40420980
175            1.19015048       -819.18887292         -0.61311763         16.32287443         33.25612841         57.77429742         84.56822938          0.40889625
176            1.19699042       -815.89232433         -0.49962655         16.26610783         32.96264864         57.17876836         83.66393274          0.41360971
177            1.20383037       -812.59130992         -0.39094789         16.20957886         32.67490366         56.59311011         82.77573636          0.41835019
178            1.21067031       -809.28628979         -0.28690888         16.15318347         32.39273372         56.01710726         81.90324975          0.42311767
179            1.21751026       -805.97771319         -0.18733973         16.09682515         32.11598186         55.45054947         81.04609315          0.42791217
180            1.22435021       -802.66601870         -0.09207393         16.04041488         31.84449395         54.89323137         80.20389725          0.43273368
181            1.23119015       -799.35163440         -0.00094842         15.98387103         31.57811870         54.34495240         79.37630287          0.43758219
182            1.23803010       -796.03497802          0.08619617         15.92711930         31.31670760         53.80551672         78.56296068          0.44245772
183            1.24487004       -792.71645709          0.16951537         15.87009253         31.06011502         53.27473315         77.76353086          0.44736027
184            1.25170999       -789.39646915          0.24916074         15.81273056         30.80819816         52.75241500         76.97768291          0.45228982
185            1.25854993       -786.07540189          0.32527975         15.75498004         30.56081709         52.23838003         76.20509528          0.45724638
186            1.26538988       -782.75363336          0.39801572         15.69679420         30.31783480         51.73245032         75.44545519          0.46222996
187            1.27222982       -779.43153207          0.46750771         15.63813263         30.07911718         51.23445217         74.69845836          0.46724054
188            1.27906977       -776.10945723          0.53389053         15.57896105         29.84453309         50.74421604         73.96380874          0.47227814
189            1.28590971       -772.78775889          0.59729470         15.51925099         29.61395437         50.26157645         73.24121832          0.47734275
190            1.29274966       -769.46677812          0.65784645         15.45897956         29.38725587         49.78637186         72.53040686          0.48243437
191            1.29958960       -766.14684717          0.71566773         15.39812915         29.16431548         49.31844462         71.83110170          0.48755300
192            1.30642955       -762.82828964          0.77087626         15.33668711         28.94501419         48.85764087         71.14303755          0.49269864
193            1.31326949       -759.51142068          0.82358556         15.27464549         28.72923605         48.40381049         70.46595629          0.49787130
194            1.32010944       -756.19654711          0.87390500         15.21200069         28.51686828         47.95680695         69.79960672          0.50307096
195            1.32694938       -752.88396761          0.92193990         15.14875321         28.30780121         47.51648730         69.14374445          0.50829764
196            1.33378933       -749.57397290          0.96779155         15.08490730         28.10192834         47.08271206         68.49813167          0.51355133
197            1.34062927       -746.26684587          1.01155737         15.02047067         27.89914636         46.65534515         67.86253694          0.51883202
198            1.34746922       -742.96286179          1.05333091         14.95545422         27.69935513         46.23425381         67.23673510          0.52413973
199            1.35430917       -739.66228840          1.09320202         14.88987173         27.50245769         45.81930853         66.62050702          0.52947446
200            1.36114911       -736.36538614          1.13125693         14.82373958         27.30836028         45.41038300         66.01363947          0.53483619
201            1.36798906       -733.07240828          1.16757831         14.75707649         27.11697231         45.00735401         65.41592498          0.54022493
202            1.37482900       -729.78360103          1.20224545         14.68990324         26.92820633         44.61010138         64.82716165          0.54564069
203            1.38166895       -726.49920379          1.23533430         14.62224246         26.74197805         44.21850791         64.24715301          0.55108345
204            1.38850889       -723.21944921          1.26691762         14.55411834         26.55820630         43.83245931         63.67570791          0.55655323
205            1.39534884       -719.94456339          1.29706506         14.48555642         26.37681297         43.45184413         63.11264031          0.56205002
206            1.40218878       -716.67476598          1.32584329         14.41658342         26.19772300         43.07655368         62.55776920          0.56757382
207            1.40902873       -713.41027040          1.35331611         14.34722695         26.02086434         42.70648200         62.01091844          0.57312463
208            1.41586867       -710.15128390          1.37954451         14.27751542         25.84616789         42.34152576         61.47191665          0.57870245
209            1.42270862       -706.89800775          1.40458686         14.20747778         25.67356745         41.98158424         60.94059705          0.58430729
210            1.42954856       -703.65063736          1.42849893         14.13714342         25.50299965         41.62655921         60.41679735          0.58993913
211            1.43638851       -700.40936243          1.45133402         14.06654195         25.33440391         41.27635493         59.90035966          0.59559799
212            1.44322845       -697.17436704          1.47314307         13.99570315         25.16772238         40.93087805         59.39113031          0.60128385
213            1.45006840       -693.94582985          1.49397477         13.92465676         25.00289982         40.59003759         58.88895979          0.60699673
214            1.45690834       -690.72392416          1.51387560         13.85343241         24.83988360         40.25374482         58.39370260          0.61273662
215            1.46374829       -687.50881808          1.53288997         13.78205952         24.67862355         39.92191328         57.90521719          0.61850352
216            1.47058824       -684.30067462          1.55106029         13.71056715         24.51907195         39.59445866         57.42336577          0.62429744
217            1.47742818       -681.09965184          1.56842706         13.63898400         24.36118339         39.27129879         56.94801430          0.63011836
218            1.48426813       -677.90590297          1.58502893         13.56733826         24.20491476         38.95235355         56.47903230          0.63596629
219            1.49110807       -674.71957648          1.60090282         13.49565759         24.05022510         38.63754485         56.01629284          0.64184124
220            1.49794802       -671.54081626          1.61608398         13.42396905         23.89707554         38.32679655         55.55967234          0.64774320
221            1.50478796       -668.36976167          1.63060603         13.35229904         23.74542924         38.02003442         55.10905058          0.65367217
222            1.51162791       -665.20654769          1.64450109         13.28067328         23.59525128         37.71718611         54.66431053          0.65962815
223            1.51846785       -662.05130501          1.65779981         13.20911676         23.44650859         37.41818105         54.22533827          0.66561114
224            1.52530780       -658.90416014          1.67053143         13.13765370         23.29916987         37.12295046         53.79202296          0.67162114
225            1.53214774       -655.76523551          1.68272388         13.06630757         23.15320550         36.83142726         53.36425667          0.67765815
226            1.53898769       -652.63464958          1.69440380         12.99510100         23.00858746         36.54354603         52.94193436          0.68372218
227            1.54582763       -649.51251690          1.70559663         12.92405587         22.86528927         36.25924300         52.52495374          0.68981321
228            1.55266758       -646.39894826          1.71632664         12.85319318         22.72328588         35.97845594         52.11321526          0.69593126
229            1.55950752       -643.29405076          1.72661700         12.78253317         22.58255364         35.70112417         51.70662198          0.70207632
230            1.56634747       -640.19792786          1.73648982         12.71209521         22.44307018         35.42718851         51.30507948          0.70824839
231            1.57318741       -637.11067956          1.74596622         12.64189788         22.30481437         35.15659121         50.90849585          0.71444747
232            1.58002736       -634.03240240          1.75506633         12.57195893         22.16776625         34.88927593         50.51678156          0.72067356
233            1.58686731       -630.96318959          1.76380939         12.50229531         22.03190693         34.62518771         50.12984939          0.72692667
234            1.59370725       -627.90313109          1.77221374         12.43292319         21.89721858         34.36427288         49.74761440          0.73320678
235            1.60054720       -624.85231367          1.78029693         12.36385793         21.76368432         34.10647911         49.36999383          0.73951391
236            1.60738714       -621.81082103          1.78807567         12.29511415         21.63128819         33.85175528         48.99690705          0.74584805
237            1.61422709       -618.77873382          1.79556592         12.22670569         21.50001507         33.60005150         48.62827548          0.75220919
238            1.62106703       -615.75612978          1.80278295         12.15864567         21.36985066         33.35131905         48.26402255          0.75859735
239            1.62790698       -612.74308376          1.80974130         12.09094649         21.24078137         33.10551036         47.90407360          0.76501253
240            1.63474692       -609.73966782          1.81645488         12.02361984         21.11279434         32.86257898         47.54835587          0.77145471
241            1.64158687       -606.74595129          1.82293694         11.95667674         20.98587734         32.62247951         47.19679842          0.77792390
242            1.64842681       -603.76200084          1.82920018         11.89012755         20.86001874         32.38516763         46.84933206          0.78442011
243            1.65526676       -600.78788057          1.83525668         11.82398196         20.73520748         32.15060001         46.50588932          0.79094332
244            1.66210670       -597.82365204          1.84111800         11.75824909         20.61143302         31.91873431         46.16640438          0.79749355
245            1.66894665       -594.86937433          1.84679519         11.69293741         20.48868529         31.68952914         45.83081302          0.80407079
246            1.67578659       -591.92510416          1.85229878         11.62805483         20.36695467         31.46294405         45.49905260          0.81067504
247            1.68262654       -588.99089587          1.85763884         11.56360870         20.24623195         31.23893948         45.17106195          0.81730630
248            1.68946648       -586.06680155          1.86282498         11.49960584         20.12650831         31.01747674         44.84678140          0.82396457
249            1.69630643       -583.15287106          1.86786640         11.43605253         20.00777526         30.79851800         44.52615267          0.83064985
250            1.70314637       -580.24915207          1.87277188         11.37295456         19.89002464         30.58202623         44.20911886          0.83736215
251            1.70998632       -577.35569018          1.87754978         11.31031724         19.77324857         30.36796521         43.89562439          0.84410146
252            1.71682627       -574.47252889          1.88220814         11.24814542         19.65743947         30.15629951         43.58561499          0.85086777
253            1.72366621       -571.59970971          1.88675459         11.18644352         19.54258998         29.94699441         43.27903761          0.85766110
254            1.73050616       -568.73727221          1.89119644         11.12521550         19.42869295         29.74001595         42.97584043          0.86448144
255            1.73734610       -565.88525402          1.89554070         11.06446496         19.31574148         29.53533086         42.67597280          0.87132879
256            1.74418605       -563.04369093          1.89979402         11.00419509         19.20372880         29.33290658         42.37938520          0.87820315
257            1.75102599       -560.21261691          1.90396279         10.94440869         19.09264835         29.13271120         42.08602921          0.88510453
258            1.75786594       -557.39206417          1.90805311         10.88510825         18.98249371         28.93471345         41.79585747          0.89203291
259            1.76470588       -554.58206320          1.91207080         10.82629589         18.87325858         28.73888270         41.50882369          0.89898831
260            1.77154583       -551.78264280          1.91602142         10.76797341         18.76493681         28.54518893         41.22488253          0.90597072
261            1.77838577       -548.99383012          1.91991030         10.71014232         18.65752233         28.35360271         40.94398967          0.91298013
262            1.78522572       -546.21565074          1.92374252         10.65280383         18.55100919         28.16409520         40.66610170          0.92001656
263            1.79206566       -543.44812868          1.92752294         10.59595885         18.44539153         27.97663808         40.39117614          0.92708000
264            1.79890561       -540.69128642          1.93125621         10.53960807         18.34066355         27.79120363         40.11917140          0.93417046
265            1.80574555       -537.94514499          1.93494676         10.48375189         18.23681954         27.60776462         39.85004675          0.94128792
266            1.81258550       -535.20972394          1.93859883         10.42839048         18.13385383         27.42629435         39.58376228          0.94843240
267            1.81942544       -532.48504144          1.94221647         10.37352380         18.03176083         27.24676662         39.32027890          0.95560388
268            1.82626539       -529.77111429          1.94580358         10.31915158         17.93053497         27.06915570         39.05955831          0.96280238
269            1.83310534       -527.06795793          1.94936383         10.26527336         17.83017074         26.89343637         38.80156298          0.97002789
270            1.83994528       -524.37558651          1.95290078         10.21188847         17.73066265         26.71958383         38.54625610          0.97728041
271            1.84678523       -521.69401292          1.95641781         10.15899607         17.63200526         26.54757376         38.29360160          0.98455994
272            1.85362517       -519.02324877          1.95991815         10.10659515         17.53419315         26.37738226         38.04356410          0.99186648
273            1.86046512       -516.36330450          1.96340488         10.05468453         17.43722092         26.20898586         37.79610890          0.99920003
274            1.86730506       -513.71418934          1.96688097         10.00326289         17.34108318         26.04236152         37.55120195          1.00656060
275            1.87414501       -511.07591138          1.97034923          9.95232874         17.24577457         25.87748657         37.30880987          1.01394817
276            1.88098495       -508.44847760          1.97381235          9.90188050         17.15128974         25.71433876         37.06889988          1.02136276
277            1.88782490       -505.83189386          1.97727291          9.85191641         17.05762336         25.55289622         36.83143981          1.02880436
278            1.89466484       -503.22616496          1.98073338          9.80243462         16.96477009         25.39313745         36.59639808          1.03627297
279            1.90150479       -500.63129467          1.98419610          9.75343318         16.87272461         25.23504132         36.36374369          1.04376859
280            1.90834473       -498.04728572          1.98766331          9.70490999         16.78148160         25.07858705         36.13344620          1.05129122
281            1.91518468       -495.47413987          1.99113717          9.65686291         16.69103577         24.92375421         35.90547570          1.05884087
282            1.92202462       -492.91185790          1.99461973          9.60928965         16.60138180         24.77052271         35.67980282          1.06641752
283            1.92886457       -490.36043964          1.99811293          9.56218788         16.51251440         24.61887279         35.45639871          1.07402119
284            1.93570451       -487.81988400          2.00161865          9.51555516         16.42442827         24.46878501         35.23523501          1.08165186
285            1.94254446       -485.29018901          2.00513868          9.46938900         16.33711811         24.32024026         35.01628385          1.08930955
286            1.94938440       -482.77135181          2.00867471          9.42368682         16.25057863         24.17321971         34.79951784          1.09699425
287            1.95622435       -480.26336867          2.01222837          9.37844599         16.16480456         24.02770487         34.58491006          1.10470596
288            1.96306430       -477.76623505          2.01580121          9.33366380         16.07979060         23.88367751         34.37243403          1.11244468
289            1.96990424       -475.27994557          2.01939472          9.28933753         15.99553147         23.74111970         34.16206373          1.12021042
290            1.97674419       -472.80449407          2.02301031          9.24546436         15.91202189         23.60001381         33.95377356          1.12800316
291            1.98358413       -470.33987362          2.02664933          9.20204145         15.82925660         23.46034245         33.74753833          1.13582292
292            1.99042408       -467.88607651          2.03031306          9.15906592         15.74723033         23.32208853         33.54333327          1.14366969
293            1.99726402       -465.44309431          2.03400273          9.11653484         15.66593781         23.18523521         33.34113403          1.15154346
294            2.00410397       -463.01091786          2.03771950          9.07444526         15.58537378         23.04976592         33.14091661          1.15944425
295            2.01094391       -460.58953730          2.04146450          9.03279418         15.50553300         22.91566431         32.94265743          1.16737205
296            2.01778386       -458.17894208          2.04523879          8.99157859         15.42641021         22.78291433         32.74633326          1.17532687
297            2.02462380       -455.77912097          2.04904337          8.95079545         15.34800019         22.65150012         32.55192125          1.18330869
298            2.03146375       -453.39006211          2.05287921          8.91044170         15.27029770         22.52140609         32.35939889          1.19131752
299            2.03830369       -451.01175298          2.05674723          8.87051424         15.19329753         22.39261688         32.16874404          1.19935337
300            2.04514364       -448.64418044          2.06064830          8.83101000         15.11699448         22.26511733         31.97993488          1.20741623
301            2.05198358       -446.28733075          2.06458325          8.79192585         15.04138333         22.13889255         31.79294994          1.21550610
302            2.05882353       -443.94118956          2.06855288          8.75325866         14.96645891         22.01392783         31.60776805          1.22362298
303            2.06566347       -441.60574195          2.07255793          8.71500532         14.89221604         21.89020870         31.42436840          1.23176687
304            2.07250342       -439.28097245          2.07659912          8.67716268         14.81864958         21.76772087         31.24273046          1.23993777
305            2.07934337       -436.96686500          2.08067713          8.63972759         14.74575436         21.64645029         31.06283402          1.24813568
306            2.08618331       -434.66340304          2.08479260          8.60269690         14.67352526         21.52638309         30.88465917          1.25636061
307            2.09302326       -432.37056946          2.08894615          8.56606748         14.60195716         21.40750562         30.70818628          1.26461254
308            2.09986320       -430.08834664          2.09313835          8.52983617         14.53104498         21.28980441         30.53339602          1.27289149
309            2.10670315       -427.81671646          2.09736976          8.49399983         14.46078363         21.17326617         30.36026934          1.28119745
310            2.11354309       -425.55566031          2.10164090          8.45855530         14.39116804         21.05787783         30.18878746          1.28953042
311            2.12038304       -423.30515911          2.10595225          8.42349946         14.32219318         20.94362647         30.01893189          1.29789040
312            2.12722298       -421.06519332          2.11030430          8.38882918         14.25385402         20.83049939         29.85068437          1.30627739
313            2.13406293       -418.83574291          2.11469748          8.35454132         14.18614556         20.71848402         29.68402694          1.31469139
314            2.14090287       -416.61678745          2.11913220          8.32063278         14.11906283         20.60756801         29.51894187          1.32313241
315            2.14774282       -414.40830604          2.12360887          8.28710044         14.05260085         20.49773916         29.35541168          1.33160043
316            2.15458276       -412.21027739          2.12812786          8.25394123         13.98675469         20.38898544         29.19341916          1.34009547
317            2.16142271       -410.02267978          2.13268951          8.22115204         13.92151945         20.28129499         29.03294730          1.34861752
318            2.16826265       -407.84549109          2.13729415          8.18872981         13.85689023         20.17465610         28.87397937          1.35716658
319            2.17510260       -405.67868880          2.14194210          8.15667149         13.79286216         20.06905725         28.71649884          1.36574265
320            2.18194254       -403.52225003          2.14663365          8.12497404         13.72943041         19.96448704         28.56048943          1.37434573
321            2.18878249       -401.37615150          2.15136907          8.09363442         13.66659015         19.86093426         28.40593507          1.38297582
322            2.19562244       -399.24036958          2.15614862          8.06264964         13.60433661         19.75838782         28.25281991          1.39163293
323            2.20246238       -397.11488028          2.16097254          8.03201668         13.54266502         19.65683680         28.10112833          1.40031704
324            2.20930233       -394.99965928          2.16584104          8.00173258         13.48157064         19.55627044         27.95084491          1.40902817
325            2.21614227       -392.89468190          2.17075435          7.97179438         13.42104877         19.45667808         27.80195443          1.41776631
326            2.22298222       -390.79992313          2.17571265          7.94219914         13.36109472         19.35804924         27.65444191          1.42653146
327            2.22982216       -388.71535766          2.18071612          7.91294394         13.30170385         19.26037358         27.50829252          1.43532362
328            2.23666211       -386.64095985          2.18576494          7.88402586         13.24287153         19.16364088         27.36349168          1.44414279
329            2.24350205       -384.57670377          2.19085924          7.85544204         13.18459316         19.06784107         27.22002497          1.45298898
330            2.25034200       -382.52256316          2.19599919          7.82718960         13.12686419         18.97296419         27.07787817          1.46186217
331            2.25718194       -380.47851152          2.20118490          7.79926571         13.06968008         18.87900044         26.93703725          1.47076238
332            2.26402189       -378.44452202          2.20641649          7.77166754         13.01303632         18.78594014         26.79748837          1.47968959
333            2.27086183       -376.42056758          2.21169407          7.74439230         12.95692844         18.69377373         26.65921787          1.48864382
334            2.27770178       -374.40662085          2.21701774          7.71743719         12.90135199         18.60249179         26.52221226          1.49762506
335            2.28454172       -372.40265422          2.22238759          7.69079947         12.84630257         18.51208499         26.38645823          1.50663331
336            2.29138167       -370.40863981          2.22780369          7.66447639         12.79177578         18.42254417         26.25194266          1.51566857
337            2.29822161       -368.42454952          2.23326612          7.63846524         12.73776728         18.33386024         26.11865257          1.52473085
338            2.30506156       -366.45035499          2.23877493          7.61276334         12.68427275         18.24602427         25.98657517          1.53382013
339            2.31190150       -364.48602763          2.24433018          7.58736800         12.63128790         18.15902743         25.85569782          1.54293643
340            2.31874145       -362.53153861          2.24993190          7.56227658         12.57880848         18.07286098         25.72600808          1.55207973
341            2.32558140       -360.58685890          2.25558015          7.53748645         12.52683025         17.98751633         25.59749361          1.56125005
342            2.33242134       -358.65195925          2.26127494          7.51299501         12.47534903         17.90298498         25.47014228          1.57044738
343            2.33926129       -356.72681020          2.26701630          7.48879968         12.42436066         17.81925854         25.34394208          1.57967172
344            2.34610123       -354.81138206          2.27280424          7.46489790         12.37386101         17.73632874         25.21888118          1.58892307
345            2.35294118       -352.90564498          2.27863878          7.44128714         12.32384597         17.65418739         25.09494787          1.59820144
346            2.35978112       -351.00956890          2.28451991          7.41796487         12.27431150         17.57282644         24.97213063          1.60750681
347            2.36662107       -349.12312356          2.29044764          7.39492862         12.22525355         17.49223790         24.85041804          1.61683920
348            2.37346101       -347.24627856          2.29642196          7.37217590         12.17666813         17.41241392         24.72979885          1.62619859
349            2.38030096       -345.37900328          2.30244286          7.34970428         12.12855127         17.33334673         24.61026195          1.63558500
350            2.38714090       -343.52126694          2.30851031          7.32751134         12.08089904         17.25502866         24.49179637          1.64499842
351            2.39398085       -341.67303862          2.31462429          7.30559466         12.03370753         17.17745213         24.37439126          1.65443885
352            2.40082079       -339.83428721          2.32078478          7.28395188         11.98697287         17.10060967         24.25803592          1.66390629
353            2.40766074       -338.00498146          2.32699174          7.26258064         11.94069122         17.02449390         24.14271979          1.67340075
354            2.41450068       -336.18508997          2.33324514          7.24147861         11.89485879         16.94909753         24.02843243          1.68292221
355            2.42134063       -334.37458117          2.33954494          7.22064347         11.84947180         16.87441334         23.91516352          1.69247069
356            2.42818057       -332.57342339          2.34589110          7.20007294         11.80452650         16.80043425         23.80290289          1.70204617
357            2.43502052       -330.78158479          2.35228357          7.17976474         11.76001919         16.72715321         23.69164047          1.71164867
358            2.44186047       -328.99903341          2.35872229          7.15971665         11.71594618         16.65456331         23.58136635          1.72127818
359            2.44870041       -327.22573716          2.36520721          7.13992643         11.67230385         16.58265769         23.47207070          1.73093470
360            2.45554036       -325.46166385          2.37173828          7.12039188         11.62908856         16.51142958         23.36374385          1.74061823
361            2.46238030       -323.70678113          2.37831544          7.10111082         11.58629674         16.44087230         23.25637620          1.75032878
362            2.46922025       -321.96105657          2.38493862          7.08208110         11.54392484         16.37097927         23.14995832          1.76006633
363            2.47606019       -320.22445761          2.39160776          7.06330058         11.50196934         16.30174395         23.04448086          1.76983090
364            2.48290014       -318.49695159          2.39832280          7.04476714         11.46042676         16.23315992         22.93993459          1.77962247
365            2.48974008       -316.77850576          2.40508365          7.02647870         11.41929363         16.16522081         22.83631041          1.78944106
366            2.49658003       -315.06908725          2.41189025          7.00843317         11.37856653         16.09792035         22.73359930          1.79928666
367            2.50341997       -313.36866312          2.41874253          6.99062852         11.33824207         16.03125232         22.63179236          1.80915927
368            2.51025992       -311.67720031          2.42564040          6.97306270         11.29831688         15.96521061         22.53088082          1.81905889
369            2.51709986       -309.99466571          2.43258379          6.95573371         11.25878763         15.89978915         22.43085599          1.82898553
370            2.52393981       -308.32102609          2.43957262          6.93863956         11.21965103         15.83498198         22.33170928          1.83893917
371            2.53077975       -306.65624817          2.44660681          6.92177827         11.18090378         15.77078317         22.23343223          1.84891983
372            2.53761970       -305.00029859          2.45368627          6.90514790         11.14254266         15.70718690         22.13601646          1.85892749
373            2.54445964       -303.35314389          2.46081093          6.88874652         11.10456445         15.64418739         22.03945369          1.86896217
374            2.55129959       -301.71475059          2.46798068          6.87257223         11.06696597         15.58177895         21.94373574          1.87902386
375            2.55813953       -300.08508511          2.47519545          6.85662312         11.02974407         15.51995595         21.84885454          1.88911256
376            2.56497948       -298.46411381          2.48245514          6.84089733         10.99289562         15.45871283         21.75480210          1.89922827
377            2.57181943       -296.85180300          2.48975968          6.82539301         10.95641752         15.39804410         21.66157054          1.90937100
378            2.57865937       -295.24811894          2.49710895          6.81010833         10.92030672         15.33794432         21.56915206          1.91954073
379            2.58549932       -293.65302784          2.50450288          6.79504147         10.88456018         15.27840814         21.47753895          1.92973748
380            2.59233926       -292.06649584          2.51194137          6.78019065         10.84917488         15.21943025         21.38672360          1.93996123
381            2.59917921       -290.48848905          2.51942433          6.76555408         10.81414785         15.16100542         21.29669848          1.95021200
382            2.60601915       -288.91897354          2.52695165          6.75113000         10.77947613         15.10312847         21.20745617          1.96048978
383            2.61285910       -287.35791535          2.53452326          6.73691669         10.74515681         15.04579429         21.11898931          1.97079457
384            2.61969904       -285.80528045          2.54213904          6.72291242         10.71118699         14.98899782         21.03129064          1.98112637
385            2.62653899       -284.26103481          2.54979891          6.70911549         10.67756380         14.93273408         20.94435298          1.99148519
386            2.63337893       -282.72514435          2.55750276          6.69552421         10.64428439         14.87699812         20.85816924          2.00187101
387            2.64021888       -281.19757497          2.56525051          6.68213691         10.61134597         14.82178507         20.77273240          2.01228385
388            2.64705882       -279.67829256          2.57304204          6.66895196         10.57874573         14.76709011         20.68803554          2.02272369
389            2.65389877       -278.16726295          2.58087727          6.65596771         10.54648092         14.71290848         20.60407179          2.03319055
390            2.66073871       -276.66445198          2.58875609          6.64318255         10.51454880         14.65923547         20.52083440          2.04368442
391            2.66757866       -275.16982547          2.59667840          6.63059488         10.48294668         14.60606642         20.43831667          2.05420530
392            2.67441860       -273.68334922          2.60464411          6.61820313         10.45167186         14.55339675         20.35651198          2.06475319
393            2.68125855       -272.20498902          2.61265312          6.60600572         10.42072170         14.50122190         20.27541379          2.07532810
394            2.68809850       -270.73471065          2.62070532          6.59400111         10.39009356         14.44953739         20.19501564          2.08593001
395            2.69493844       -269.27247988          2.62880061          6.58218777         10.35978484         14.39833877         20.11531113          2.09655894
396            2.70177839       -267.81826249          2.63693891          6.57056418         10.32979297         14.34762166         20.03629395          2.10721487
397            2.70861833       -266.37202425          2.64512009          6.55912885         10.30011538         14.29738171         19.95795785          2.11789782
398            2.71545828       -264.93373091          2.65334408          6.54788028         10.27074955         14.24761464         19.88029665          2.12860778
399            2.72229822       -263.50334826          2.66161075          6.53681702         10.24169298         14.19831622         19.80330426          2.13934475
400            2.72913817       -262.08084208          2.66992003          6.52593760         10.21294319         14.14948225         19.72697463          2.15010873
401            2.73597811       -260.66617814          2.67827179          6.51524060         10.18449771         14.10110858         19.65130180          2.16089973
402            2.74281806       -259.25932224          2.68666595          6.50472459         10.15635413         14.05319114         19.57627987          2.17171773
403            2.74965800       -257.86024020          2.69510241          6.49438815         10.12851002         14.00572586         19.50190300          2.18256275
404            2.75649795       -256.46889782          2.70358106          6.48422991         10.10096302         13.95870875         19.42816544          2.19343477
405            2.76333789       -255.08526095          2.71210181          6.47424848         10.07371075         13.91213585         19.35506147          2.20433381
406            2.77017784       -253.70929544          2.72066455          6.46444250         10.04675087         13.86600325         19.28258546          2.21525986
407            2.77701778       -252.34096717          2.72926919          6.45481062         10.02008108         13.82030709         19.21073184          2.22621292
408            2.78385773       -250.98024204          2.73791563          6.44535151          9.99369908         13.77504354         19.13949508          2.23719299
409            2.79069767       -249.62708597          2.74660377          6.43606384          9.96760260         13.73020882         19.06886975          2.24820007
410            2.79753762       -248.28146491          2.75533351          6.42694631          9.94178939         13.68579919         18.99885045          2.25923417
411            2.80437756       -246.94334483          2.76410474          6.41799763          9.91625723         13.64181097         18.92943185          2.27029527
412            2.81121751       -245.61269175          2.77291739          6.40921652          9.89100392         13.59824050         18.86060868          2.28138339
413            2.81805746       -244.28947170          2.78177134          6.40060170          9.86602726         13.55508416         18.79237572          2.29249852
414            2.82489740       -242.97365076          2.79066650          6.39215194          9.84132511         13.51233839         18.72472783          2.30364066
415            2.83173735       -241.66519504          2.79960277          6.38386598          9.81689531         13.46999965         18.65765991          2.31480981
416            2.83857729       -240.36407067          2.80858005          6.37574261          9.79273576         13.42806445         18.59116691          2.32600597
417            2.84541724       -239.07024386          2.81759826          6.36778061          9.76884435         13.38652934         18.52524385          2.33722914
418            2.85225718       -237.78368082          2.82665728          6.35997878          9.74521901         13.34539090         18.45988579          2.34847933
419            2.85909713       -236.50434782          2.83575704          6.35233593          9.72185768         13.30464576         18.39508787          2.35975652
420            2.86593707       -235.23221119          2.84489743          6.34485089          9.69875833         13.26429057         18.33084525          2.37106073
421            2.87277702       -233.96723727          2.85407836          6.33752249          9.67591893         13.22432203         18.26715318          2.38239195
422            2.87961696       -232.70939247          2.86329973          6.33034958          9.65333749         13.18473689         18.20400692          2.39375018
423            2.88645691       -231.45864325          2.87256145          6.32333102          9.63101204         13.14553190         18.14140181          2.40513542
424            2.89329685       -230.21495611          2.88186342          6.31646569          9.60894061         13.10670388         18.07933325          2.41654767
425            2.90013680       -228.97829762          2.89120556          6.30975246          9.58712127         13.06824966         18.01779665          2.42798693
426            2.90697674       -227.74863439          2.90058777          6.30319025          9.56555210         13.03016612         17.95678751          2.43945321
427            2.91381669       -226.52593307          2.91000996          6.29677794          9.54423119         12.99245016         17.89630135          2.45094649
428            2.92065663       -225.31016040          2.91947204          6.29051447          9.52315667         12.95509874         17.83633377          2.46246679
429            2.92749658       -224.10128316          2.92897392          6.28439877          9.50232667         12.91810883         17.77688038          2.47401410
430            2.93433653       -222.89926818          2.93851550          6.27842976          9.48173934         12.88147744         17.71793686          2.48558842
431            2.94117647       -221.70408237          2.94809669          6.27260642          9.46139287         12.84520161         17.65949894          2.49718975
432            2.94801642       -220.51569268          2.95771742          6.26692769          9.44128543         12.80927842         17.60156239          2.50881809
433            2.95485636       -219.33406615          2.96737758          6.26139256          9.42141524         12.77370496         17.54412301          2.52047344
434            2.96169631       -218.15916987          2.97707709          6.25600000          9.40178053         12.73847839         17.48717667          2.53215580
435            2.96853625       -216.99097098          2.98681586          6.25074903          9.38237953         12.70359586         17.43071927          2.54386518
436            2.97537620       -215.82943672          2.99659380          6.24563863          9.36321051         12.66905457         17.37474676          2.55560157
437            2.98221614       -214.67453438          3.00641083          6.24066782          9.34427174         12.63485176         17.31925512          2.56736496
438            2.98905609       -213.52623131          3.01626686          6.23583564          9.32556153         12.60098469         17.26424039          2.57915537
439            2.99589603       -212.38449494          3.02616180          6.23114111          9.30707817         12.56745063         17.20969864          2.59097279
440            3.00273598       -211.24929279          3.03609557          6.22658329          9.28882000         12.53424691         17.15562600          2.60281723
441            3.00957592       -210.12059242          3.04606809          6.22216123          9.27078537         12.50137088         17.10201861          2.61468867
442            3.01641587       -208.99836149          3.05607926          6.21787399          9.25297262         12.46881991         17.04887267          2.62658712
443            3.02325581       -207.88256771          3.06612901          6.21372065          9.23538015         12.43659139         16.99618443          2.63851259
444            3.03009576       -206.77317890          3.07621725          6.20970029          9.21800633         12.40468277         16.94395016          2.65046506
445            3.03693570       -205.67016292          3.08634390          6.20581201          9.20084958         12.37309149         16.89216617          2.66244455
446            3.04377565       -204.57348774          3.09650888          6.20205492          9.18390832         12.34181504         16.84082882          2.67445105
447            3.05061560       -203.48312138          3.10671210          6.19842812          9.16718098         12.31085093         16.78993452          2.68648456
448            3.05745554       -202.39903197          3.11695349          6.19493073          9.15066603         12.28019670         16.73947967          2.69854508
449            3.06429549       -201.32118769          3.12723296          6.19156188          9.13436193         12.24984991         16.68946077          2.71063262
450            3.07113543       -200.24955684          3.13755043          6.18832073          9.11826716         12.21980815         16.63987430          2.72274716
451            3.07797538       -199.18410776          3.14790583          6.18520640          9.10238022         12.19006903         16.59071681          2.73488872
452            3.08481532       -198.12480890          3.15829908          6.18221806          9.08669963         12.16063020         16.54198489          2.74705728
453            3.09165527       -197.07162879          3.16873009          6.17935488          9.07122390         12.13148930         16.49367513          2.75925286
454            3.09849521       -196.02453604          3.17919879          6.17661602          9.05595159         12.10264404         16.44578420          2.77147545
455            3.10533516       -194.98349936          3.18970510          6.17400067          9.04088124         12.07409213         16.39830877          2.78372505
456            3.11217510       -193.94848754          3.20024894          6.17150802          9.02601143         12.04583129         16.35124556          2.79600166
457            3.11901505       -192.91946944          3.21083025          6.16913727          9.01134074         12.01785929         16.30459132          2.80830528
458            3.12585499       -191.89641404          3.22144893          6.16688763          8.99686776         11.99017392         16.25834284          2.82063592
459            3.13269494       -190.87929039          3.23210493          6.16475830          8.98259111         11.96277297         16.21249693          2.83299356
460            3.13953488       -189.86806763          3.24279816          6.16274852          8.96850941         11.93565427         16.16705043          2.84537822
461            3.14637483       -188.86271499          3.25352854          6.16085750          8.95462129         11.90881568         16.12200025          2.85778989
462            3.15321477       -187.86320181          3.26429601          6.15908450          8.94092541         11.88225507         16.07734328          2.87022857
463            3.16005472       -186.86949750          3.27510050          6.15742874          8.92742043         11.85597033         16.03307647          2.88269426
464            3.16689466       -185.88157157          3.28594192          6.15588950          8.91410502         11.82995939         15.98919680          2.89518696
465            3.17373461       -184.89939363          3.29682021          6.15446603          8.90097788         11.80422016         15.94570128          2.90770667
466            3.18057456       -183.92293339          3.30773530          6.15315759          8.88803770         11.77875063         15.90258694          2.92025340
467            3.18741450       -182.95216062          3.31868711          6.15196346          8.87528319         11.75354875         15.85985086          2.93282713
468            3.19425445       -181.98704523          3.32967558          6.15088293          8.86271309         11.72861254         15.81749012          2.94542788
469            3.20109439       -181.02755720          3.34070063          6.14991527          8.85032613         11.70394002         15.77550185          2.95805563
470            3.20793434       -180.07366661          3.35176220          6.14905980          8.83812106         11.67952922         15.73388322          2.97071040
471            3.21477428       -179.12534364          3.36286021          6.14831581          8.82609664         11.65537821         15.69263140          2.98339218
472            3.22161423       -178.18255858          3.37399461          6.14768262          8.81425165         11.63148506         15.65174360          2.99610098
473            3.22845417       -177.24528179          3.38516531          6.14715953          8.80258486         11.60784788         15.61121707          3.00883678
474            3.23529412       -176.31348375          3.39637226          6.14674588          8.79109508         11.58446478         15.57104907          3.02159959
475            3.24213406       -175.38713504          3.40761538          6.14644100          8.77978112         11.56133391         15.53123690          3.03438942
476            3.24897401       -174.46620632          3.41889461          6.14624421          8.76864179         11.53845341         15.49177788          3.04720625
477            3.25581395       -173.55066838          3.43020989          6.14615488          8.75767593         11.51582146         15.45266936          3.06005010
478            3.26265390       -172.64049209          3.44156115          6.14617234          8.74688237         11.49343626         15.41390872          3.07292096
479            3.26949384       -171.73564842          3.45294832          6.14629595          8.73625997         11.47129602         15.37549335          3.08581883
480            3.27633379       -170.83610845          3.46437134          6.14652508          8.72580760         11.44939896         15.33742068          3.09874371
481            3.28317373       -169.94184336          3.47583015          6.14685909          8.71552411         11.42774333         15.29968817          3.11169561
482            3.29001368       -169.05282444          3.48732468          6.14729736          8.70540841         11.40632740         15.26229329          3.12467451
483            3.29685363       -168.16902306          3.49885488          6.14783927          8.69545939         11.38514945         15.22523354          3.13768042
484            3.30369357       -167.29041071          3.51042066          6.14848421          8.68567595         11.36420777         15.18850645          3.15071335
485            3.31053352       -166.41695899          3.52202199          6.14923158          8.67605700         11.34350068         15.15210957          3.16377329
486            3.31737346       -165.54863959          3.53365879          6.15008076          8.66660148         11.32302652         15.11604049          3.17686024
487            3.32421341       -164.68542431          3.54533100          6.15103117          8.65730831         11.30278362         15.08029678          3.18997420
488            3.33105335       -163.82728505          3.55703857          6.15208221          8.64817646         11.28277036         15.04487609          3.20311517
489            3.33789330       -162.97419383          3.56878143          6.15323331          8.63920486         11.26298512         15.00977605          3.21628315
490            3.34473324       -162.12612274          3.58055952          6.15448388          8.63039248         11.24342629         14.97499433          3.22947815
491            3.35157319       -161.28304402          3.59237279          6.15583335          8.62173831         11.22409229         14.94052863          3.24270015
492            3.35841313       -160.44492998          3.60422117          6.15728116          8.61324133         11.20498154         14.90637665          3.25594917
493            3.36525308       -159.61175306          3.61610461          6.15882674          8.60490052         11.18609248         14.87253614          3.26922520
494            3.37209302       -158.78348579          3.62802306          6.16046954          8.59671490         11.16742358         14.83900485          3.28252823
495            3.37893297       -157.96010082          3.63997644          6.16220900          8.58868347         11.14897330         14.80578055          3.29585828
496            3.38577291       -157.14157088          3.65196471          6.16404459          8.58080527         11.13074014         14.77286106          3.30921535
497            3.39261286       -156.32786885          3.66398782          6.16597576          8.57307931         11.11272260         14.74024419          3.32259942
498            3.39945280       -155.51896768          3.67604569          6.16800197          8.56550463         11.09491920         14.70792779          3.33601050
499            3.40629275       -154.71484044          3.68813829          6.17012270          8.55808030         11.07732846         14.67590971          3.34944860
500            3.41313269       -153.91546031          3.70026555          6.17233741          8.55080536         11.05994893         14.64418785          3.36291370
501            3.41997264       -153.12080057          3.71242741          6.17464560          8.54367888         11.04277918         14.61276011          3.37640582
502            3.42681259       -152.33083462          3.72462384          6.17704675          8.53669994         11.02581777         14.58162441          3.38992495
503            3.43365253       -151.54553596          3.73685476          6.17954034          8.52986761         11.00906330         14.55077869          3.40347109
504            3.44049248       -150.76487818          3.74912013          6.18212587          8.52318099         10.99251436         14.52022093          3.41704424
505            3.44733242       -149.98883502          3.76141990          6.18480283          8.51663919         10.97616956         14.48994909          3.43064440
506            3.45417237       -149.21738029          3.77375401          6.18757074          8.51024130         10.96002755         14.45996119          3.44427158
507            3.46101231       -148.45048792          3.78612241          6.19042910          8.50398645         10.94408695         14.43025525          3.45792576
508            3.46785226       -147.68813197          3.79852505          6.19337743          8.49787375         10.92834642         14.40082930          3.47160696
509            3.47469220       -146.93028657          3.81096188          6.19641524          8.49190235         10.91280462         14.37168141          3.48531517
510            3.48153215       -146.17692598          3.82343285          6.19954205          8.48607138         10.89746025         14.34280964          3.49905039
511            3.48837209       -145.42802458          3.83593790          6.20275740          8.48037998         10.88231197         14.31421210          3.51281262
512            3.49521204       -144.68355683          3.84847699          6.20606081          8.47482732         10.86735851         14.28588690          3.52660186
513            3.50205198       -143.94349732          3.86105007          6.20945182          8.46941256         10.85259857         14.25783217          3.54041811
514            3.50889193       -143.20782074          3.87365709          6.21292996          8.46413487         10.83803089         14.23004605          3.55426137
515            3.51573187       -142.47650190          3.88629799          6.21649479          8.45899343         10.82365420         14.20252672          3.56813165
516            3.52257182       -141.74951571          3.89897274          6.22014585          8.45398742         10.80946726         14.17527234          3.58202894
517            3.52941176       -141.02683718          3.91168128          6.22388270          8.44911604         10.79546883         14.14828113          3.59595323
518            3.53625171       -140.30844143          3.92442356          6.22770488          8.44437848         10.78165769         14.12155130          3.60990454
519            3.54309166       -139.59430372          3.93719954          6.23161197          8.43977396         10.76803261         14.09508108          3.62388286
520            3.54993160       -138.88439939          3.95000918          6.23560352          8.43530169         10.75459240         14.06886872          3.63788819
521            3.55677155       -138.17870388          3.96285242          6.23967911          8.43096089         10.74133588         14.04291248          3.65192054
522            3.56361149       -137.47719276          3.97572921          6.24383830          8.42675080         10.72826185         14.01721064          3.66597989
523            3.57045144       -136.77984171          3.98863952          6.24808068          8.42267064         10.71536915         13.99176151          3.68006626
524            3.57729138       -136.08662650          4.00158330          6.25240583          8.41871965         10.70265663         13.96656340          3.69417963
525            3.58413133       -135.39752303          4.01456050          6.25681333          8.41489710         10.69012313         13.94161463          3.70832002
526            3.59097127       -134.71250729          4.02757108          6.26130276          8.41120223         10.67776751         13.91691354          3.72248742
527            3.59781122       -134.03155540          4.04061499          6.26587373          8.40763431         10.66558866         13.89245850          3.73668183
528            3.60465116       -133.35464355          4.05369219          6.27052582          8.40419260         10.65358546         13.86824788          3.75090325
529            3.61149111       -132.68174809          4.06680263          6.27525864          8.40087638         10.64175679         13.84428007          3.76515168
530            3.61833105       -132.01284544          4.07994628          6.28007178          8.39768494         10.63010157         13.82055347          3.77942713
531            3.62517100       -131.34791213          4.09312309          6.28496486          8.39461756         10.61861871         13.79706650          3.79372958
532            3.63201094       -130.68692483          4.10633301          6.28993749          8.39167354         10.60730713         13.77381759          3.80805905
533            3.63885089       -130.02986028          4.11957601          6.29498928          8.38885218         10.59616577         13.75080518          3.82241552
534            3.64569083       -129.37669536          4.13285205          6.30011984          8.38615278         10.58519357         13.72802775          3.83679901
535            3.65253078       -128.72740703          4.14616107          6.30532880          8.38357466         10.57438949         13.70548376          3.85120951
536            3.65937073       -128.08197237          4.15950305          6.31061578          8.38111713         10.56375249         13.68317169          3.86564703
537            3.66621067       -127.44036857          4.17287793          6.31598041          8.37877953         10.55328153         13.66109007          3.88011155
538            3.67305062       -126.80257292          4.18628568          6.32142232          8.37656119         10.54297562         13.63923738          3.89460308
539            3.67989056       -126.16856284          4.19972626          6.32694114          8.37446143         10.53283372         13.61761218          3.90912163
540            3.68673051       -125.53831582          4.21319963          6.33253651          8.37247961         10.52285485         13.59621299          3.92366718
541            3.69357045       -124.91180949          4.22670575          6.33820808          8.37061507         10.51303801         13.57503838          3.93823975
542            3.70041040       -124.28902156          4.24024458          6.34395548          8.36886717         10.50338222         13.55408691          3.95283933
543            3.70725034       -123.66992987          4.25381607          6.34977836          8.36723526         10.49388652         13.53335716          3.96746592
544            3.71409029       -123.05451236          4.26742020          6.35567638          8.36571872         10.48454992         13.51284773          3.98211952
545            3.72093023       -122.44274707          4.28105693          6.36164918          8.36431691         10.47537148         13.49255722          3.99680013
546            3.72777018       -121.83461214          4.29472621          6.36769642          8.36302921         10.46635026         13.47248424          4.01150776
547            3.73461012       -121.23008584          4.30842800          6.37381777          8.36185500         10.45748530         13.45262744          4.02624239
548            3.74145007       -120.62914652          4.32216228          6.38001288          8.36079367         10.44877569         13.43298545          4.04100404
549            3.74829001       -120.03177265          4.33592900          6.38628142          8.35984460         10.44022050         13.41355693          4.05579270
550            3.75512996       -119.43794280          4.34972812          6.39262305          8.35900721         10.43181881         13.39434054          4.07060836
551            3.76196990       -118.84763566          4.36355962          6.39903746          8.35828089         10.42356972         13.37533496          4.08545104
552            3.76880985       -118.26083000          4.37742345          6.40552431          8.35766505         10.41547233         13.35653889          4.10032074
553            3.77564979       -117.67750471          4.39131958          6.41208327          8.35715910         10.40752576         13.33795102          4.11521744
554            3.78248974       -117.09763878          4.40524796          6.41871404          8.35676247         10.39972911         13.31957007          4.13014115
555            3.78932969       -116.52121131          4.41920858          6.42541629          8.35647456         10.39208152         13.30139476          4.14509188
556            3.79616963       -115.94820151          4.43320138          6.43218971          8.35629482         10.38458212         13.28342382          4.16006961
557            3.80300958       -115.37858866          4.44722634          6.43903398          8.35622268         10.37723005         13.26565601          4.17507436
558            3.80984952       -114.81235219          4.46128343          6.44594880          8.35625756         10.37002445         13.24809007          4.19010612
559            3.81668947       -114.24947161          4.47537260          6.45293385          8.35639892         10.36296449         13.23072479          4.20516489
560            3.82352941       -113.68992652          4.48949382          6.45998885          8.35664621         10.35604932         13.21355893          4.22025067
561            3.83036936       -113.13369666          4.50364706          6.46711348          8.35699887         10.34927813         13.19659128          4.23536346
562            3.83720930       -112.58076183          4.51783229          6.47430744          8.35745636         10.34265008         13.17982066          4.25050327
563            3.84404925       -112.03110196          4.53204947          6.48157045          8.35801815         10.33616436         13.16324586          4.26567008
564            3.85088919       -111.48469708          4.54629858          6.48890220          8.35868369         10.32982016         13.14686570          4.28086391
565            3.85772914       -110.94152732          4.56057956          6.49630240          8.35945246         10.32361669         13.13067903          4.29608474
566            3.86456908       -110.40157290          4.57489241          6.50377078          8.36032394         10.31755314         13.11468467          4.31133259
567            3.87140903       -109.86481415          4.58923707          6.51130703          8.36129760         10.31162873         13.09888148          4.32660745
568            3.87824897       -109.33123151          4.60361353          6.51891088          8.36237293         10.30584268         13.08326832          4.34190932
569            3.88508892       -108.80080552          4.61802174          6.52658205          8.36354941         10.30019422         13.06784407          4.35723821
570            3.89192886       -108.27351679          4.63246168          6.53432026          8.36482654         10.29468258         13.05260759          4.37259410
571            3.89876881       -107.74934608          4.64693332          6.54212522          8.36620381         10.28930700         13.03755778          4.38797701
572            3.90560876       -107.22827420          4.66143662          6.54999668          8.36768073         10.28406673         13.02269355          4.40338692
573            3.91244870       -106.71028210          4.67597156          6.55793435          8.36925680         10.27896101         13.00801379          4.41882385
574            3.91928865       -106.19535081          4.69053810          6.56593797          8.37093153         10.27398910         12.99351742          4.43428779
575            3.92612859       -105.68346147          4.70513622          6.57400726          8.37270443         10.26915029         12.97920338          4.44977874
576            3.93296854       -105.17459529          4.71976588          6.58214197          8.37457502         10.26444382         12.96507060          4.46529670
577            3.93980848       -104.66873362          4.73442705          6.59034184          8.37654282         10.25986898         12.95111803          4.48084167
578            3.94664843       -104.16585788          4.74911970          6.59860659          8.37860735         10.25542506         12.93734461          4.49641366
579            3.95348837       -103.66594961          4.76384382          6.60693598          8.38076815         10.25111135         12.92374931          4.51201265
580            3.96032832       -103.16899041          4.77859935          6.61532974          8.38302475         10.24692714         12.91033110          4.52763866
581            3.96716826       -102.67496202          4.79338629          6.62378763          8.38537668         10.24287172         12.89708897          4.54329167
582            3.97400821       -102.18384626          4.80820459          6.63230939          8.38782349         10.23894442         12.88402190          4.55897170
583            3.98084815       -101.69562504          4.82305423          6.64089477          8.39036472         10.23514455         12.87112889          4.57467874
584            3.98768810       -101.21028037          4.83793519          6.64954353          8.39299992         10.23147141         12.85840894          4.59041279
585            3.99452804       -100.72779436          4.85284743          6.65825542          8.39572864         10.22792435         12.84586107          4.60617386
586            4.00136799       -100.24814922          4.86779092          6.66703019          8.39855043         10.22450268         12.83348430          4.62196193
587            4.00820793        -99.77132725          4.88276565          6.67586761          8.40146486         10.22120575         12.82127767          4.63777701
588            4.01504788        -99.29731084          4.89777157          6.68476743          8.40447149         10.21803290         12.80924020          4.65361911
589            4.02188782        -98.82608249          4.91280867          6.69372942          8.40756989         10.21498347         12.79737095          4.66948822
590            4.02872777        -98.35762477          4.92787692          6.70275334          8.41075961         10.21205682         12.78566897          4.68538434
591            4.03556772        -97.89192037          4.94297629          6.71183896          8.41404025         10.20925231         12.77413332          4.70130747
592            4.04240766        -97.42895207          4.95810675          6.72098605          8.41741138         10.20656929         12.76276308          4.71725761
593            4.04924761        -96.96870273          4.97326828          6.73019437          8.42087257         10.20400714         12.75155732          4.73323476
594            4.05608755        -96.51115530          4.98846085          6.73946371          8.42442341         10.20156524         12.74051512          4.74923892
595            4.06292750        -96.05629285          5.00368444          6.74879383          8.42806349         10.19924295         12.72963558          4.76527010
596            4.06976744        -95.60409852          5.01893902          6.75818451          8.43179239         10.19703968         12.71891780          4.78132828
597            4.07660739        -95.15455555          5.03422456          6.76763553          8.43560972         10.19495479         12.70836089          4.79741348
598            4.08344733        -94.70764727          5.04954104          6.77714667          8.43951507         10.19298770         12.69796396          4.81352569
599            4.09028728        -94.26335710          5.06488844          6.78671770          8.44350804         10.19113779         12.68772613          4.82966491
600            4.10396717        -93.38256524          5.09567588          6.80603860          8.45175525         10.18778717         12.66772431          4.86202438
