   1      10.0000000000000     3.7752618667881    35.7752618700914 -8636.0202040783715
   2     100.0000000000000    -2.6041637883324    29.3626423306956  -860.0020204078372
   3    1000.0000000000000    -1.1405850532510    22.6733562737447   -82.4002020407837
   4    5000.0000000000000    -1.0405642914524    20.4582682036358   -13.2800404081567
   5   10000.0000000000000    -1.0320731859751    20.1859875607783    -4.6400202040784
   6   14900.0000000000000    -1.0317346878304    20.0925077195947    -1.7986712779049
   7   15000.0000000000000    -1.0317549884439    20.0911905611918    -1.7600134693856
   8   16000.0000000000000    -1.0319956907231    20.0788280873104    -1.4000126275490
   9   18000.0000000000000    -1.0326454355623    20.0577580802681    -0.8000112244880
  10   20000.0000000000000    -1.0334623747387    20.0403400223325    -0.3200101020392
