1.000000000000000000e+00 4.470172772179999837e-02 1.944677297128362170e+03 1.929282856747841288e+04 3.447245775456567935e+04 5.398913110879612213e+04 7.784283774469867058e+04 -1.560980000000000034e+00
2.000000000000000000e+00 5.482045691950000049e-02 1.264277428734711748e+03 1.279924867544504013e+04 2.289234145098857698e+04 3.586919116938354273e+04 5.172977360594071797e+04 -1.560980000000000034e+00
3.000000000000000000e+00 6.493918611729999901e-02 8.768246441424488467e+02 9.097133505823716405e+03 1.628989011435924476e+04 2.553775123211682512e+04 3.684067007044151978e+04 -1.560980000000000034e+00
4.000000000000000000e+00 7.505791531510000447e-02 6.357256428515333937e+02 6.789036024382403411e+03 1.217315879473224413e+04 1.909565679515958254e+04 2.755644836849523563e+04 -1.560980000000000034e+00
5.000000000000000000e+00 8.517664451280000659e-02 4.758359730746582272e+02 5.253996794479287928e+03 9.434849011909616820e+03 1.481031845613399128e+04 2.138027309720688208e+04 -1.560980000000000034e+00
6.000000000000000000e+00 9.529537371059999817e-02 3.646203035080152972e+02 4.181936905186373224e+03 7.522030296903466478e+03 1.181657015115101785e+04 1.706535537787601061e+04 -1.560980000000000034e+00
7.000000000000000000e+00 1.054141029084000036e-01 2.843557942861276047e+02 3.403995062647899886e+03 6.133594329734733947e+03 9.643273688036804742e+03 1.393274127479133494e+04 -1.560980000000000034e+00
8.000000000000000000e+00 1.155328321061000058e-01 2.247164637379808028e+02 2.821830182422578673e+03 5.094186014854053610e+03 8.016057791934063061e+03 1.158703841571278281e+04 -1.560980000000000034e+00
9.000000000000000000e+00 1.256515613039000112e-01 1.793534346498609011e+02 2.375018094017361818e+03 4.296064617974348948e+03 6.766347725293641815e+03 9.785318258042629168e+03 -1.560980000000000034e+00
1.000000000000000000e+01 1.357702905017000028e-01 1.441871507132412944e+02 2.024769119734980222e+03 3.670068561152529128e+03 5.785933592985940777e+03 8.371644277067280200e+03 -1.560980000000000034e+00
1.100000000000000000e+01 1.458890196993999910e-01 1.164978243491593020e+02 1.745255592905111143e+03 3.170150396692636605e+03 5.002772003710230820e+03 7.242199608191945117e+03 -1.560980000000000034e+00
1.200000000000000000e+01 1.560077488972000104e-01 9.441455308882059683e+01 1.518740176611282550e+03 2.764689437349525633e+03 4.367392790029824937e+03 6.325697674984152400e+03 -1.560980000000000034e+00
1.300000000000000000e+01 1.661264780950000020e-01 7.661523425160889644e+01 1.332713961229652114e+03 2.431388268267266994e+03 3.844913473201263059e+03 5.571874157052612645e+03 -1.560980000000000034e+00
1.400000000000000000e+01 1.762452072926999902e-01 6.214343749233140102e+01 1.178149743205656478e+03 2.154157878585071103e+03 3.410165353035175031e+03 4.944463137070705670e+03 -1.560980000000000034e+00
1.500000000000000000e+01 1.863639364905000095e-01 5.029290023491309825e+01 1.048400156950190649e+03 1.921152717018345129e+03 3.044618911573304104e+03 4.416766250410313660e+03 -1.560980000000000034e+00
1.600000000000000000e+01 1.964826656883000011e-01 4.053254236639779862e+01 9.384822664610653646e+02 1.723494900384701168e+03 2.734387556571981804e+03 3.968775840419986707e+03 -1.560980000000000034e+00
1.700000000000000000e+01 2.066013948859999894e-01 3.245653022834989798e+01 8.446011249095778339e+02 1.554424565916418260e+03 2.468898171681702934e+03 3.585259056868269909e+03 -1.560980000000000034e+00
1.800000000000000000e+01 2.167201240838000087e-01 2.575025897618910165e+01 7.638252419447040893e+02 1.408721119000387489e+03 2.239985551632823444e+03 3.254452823324408200e+03 -1.560980000000000034e+00
1.900000000000000000e+01 2.268388532816000003e-01 2.016670213679320156e+01 6.938610195570867063e+02 1.282300974486043742e+03 2.041263009349449248e+03 2.967156802973081994e+03 -1.560980000000000034e+00
2.000000000000000000e+01 2.369575824792999885e-01 1.550966316290159952e+01 6.328931029368352483e+02 1.171932848840215229e+03 1.867676924645667214e+03 2.716091448139084605e+03 -1.560980000000000034e+00
2.100000000000000000e+01 2.470763116771000079e-01 1.162171374965629944e+01 5.794695123049218637e+02 1.075032915772286515e+03 1.715186261455426120e+03 2.495436148606849656e+03 -1.560980000000000034e+00
2.200000000000000000e+01 2.571950408749000272e-01 8.375373158548299557e+00 5.324177498902702155e+02 9.895152057923802431e+02 1.580528530632891034e+03 2.300491960042931623e+03 -1.560980000000000034e+00
2.300000000000000000e+01 2.673137700725999877e-01 5.666565195722600201e+00 4.907826869543204111e+02 9.136808510522827191e+02 1.461046535753405124e+03 2.127431932131526992e+03 -1.560980000000000034e+00
2.400000000000000000e+01 2.774324992703999793e-01 3.409701028990599792e+00 4.537799958590679807e+02 8.461350570797311548e+02 1.354558504521143959e+03 1.973113962409513988e+03 -1.560980000000000034e+00
2.500000000000000000e+01 2.875512284682000264e-01 1.533938332809900107e+00 4.207608317833509091e+02 7.857241395622314712e+02 1.259259615346943519e+03 1.834938896737598952e+03 -1.560980000000000034e+00
2.600000000000000000e+01 2.976699576658999868e-01 -1.969691941100000163e-02 3.911847587473413910e+02 7.314872669916483119e+02 1.173646532647866707e+03 1.710741789906573104e+03 -1.560980000000000034e+00
2.700000000000000000e+01 3.077886868636999784e-01 -1.300548565670800016e+00 3.645987895880638803e+02 6.826191085634540059e+02 1.096459003313219910e+03 1.598707754725047607e+03 -1.560980000000000034e+00
2.800000000000000000e+01 3.179074160615000255e-01 -2.350087776720500177e+00 3.406210091657342787e+02 6.384406574418759419e+02 1.026634242431474604e+03 1.497306242752855042e+03 -1.560980000000000034e+00
2.900000000000000000e+01 3.280261452591999860e-01 -3.203306038419099888e+00 3.189276688693697110e+02 5.983762452579610454e+02 9.632710029856496021e+02 1.405239281759861342e+03 -1.560980000000000034e+00
3.000000000000000000e+01 3.381448744569999776e-01 -3.889828614907400173e+00 2.992429348019240933e+02 5.619352897578165766e+02 9.056010482953106475e+02 1.321400381369756360e+03 -1.560980000000000034e+00
3.100000000000000000e+01 3.482636036548000247e-01 -4.434811793325099671e+00 2.813306830680036796e+02 5.286976929468917206e+02 8.529663328978565460e+02 1.244841665323384859e+03 -1.560980000000000034e+00
3.200000000000000000e+01 3.583823328524999852e-01 -4.859671270191999959e+00 2.649878872122474718e+02 4.983020781857383099e+02 8.048006220231355883e+02 1.174747400180400291e+03 -1.560980000000000034e+00
3.300000000000000000e+01 3.685010620502999767e-01 -5.182677501393800235e+00 2.500392537244364064e+02 4.704362522049930249e+02 7.606145892943707167e+02 1.110412535861750257e+03 -1.560980000000000034e+00
3.400000000000000000e+01 3.786197912481000238e-01 -5.419445500692400053e+00 2.363328431174778927e+02 4.448294236967594770e+02 7.199836597378783836e+02 1.051225202076048618e+03 -1.560980000000000034e+00
3.500000000000000000e+01 3.887385204457999843e-01 -5.583340119676099889e+00 2.237364747319682863e+02 4.212458182153932853e+02 6.825380347736938802e+02 9.966523484110141453e+02 -1.560980000000000034e+00
3.600000000000000000e+01 3.988572496435999759e-01 -5.685813259358400096e+00 2.121347586711843860e+02 3.994794102709254844e+02 6.479544626505163478e+02 9.462278990651055892e+02 -1.560980000000000034e+00
3.700000000000000000e+01 4.089759788414000230e-01 -5.736685832305999710e+00 2.014266330577671908e+02 3.793495547550206766e+02 6.159494136919238372e+02 8.995429311624251341e+02 -1.560980000000000034e+00
3.800000000000000000e+01 4.190947080390999835e-01 -5.744384586637499623e+00 1.915233103167427942e+02 3.606973465507763876e+02 5.862733928727926696e+02 8.562374911105733872e+02 -1.560980000000000034e+00
3.900000000000000000e+01 4.292134372368999751e-01 -5.716141898549899736e+00 1.823465568627013056e+02 3.433825729562973947e+02 5.587061780625075471e+02 8.159937441238015481e+02 -1.560980000000000034e+00
4.000000000000000000e+01 4.393321664347000222e-01 -5.658164903621200281e+00 1.738272457928802908e+02 3.272811512874756090e+02 5.330528158136734191e+02 7.785302144592084232e+02 -1.560980000000000034e+00
4.100000000000000000e+01 4.494508956323999826e-01 -5.575779221886000059e+00 1.659041339718451979e+02 3.122829654429418156e+02 5.091402400734859270e+02 7.435969223761649118e+02 -1.560980000000000034e+00
4.200000000000000000e+01 4.595696248301999742e-01 -5.473551443453599674e+00 1.585228250608521137e+02 2.982900321544403255e+02 4.868144054516153005e+02 7.109712619124521780e+02 -1.560980000000000034e+00
4.300000000000000000e+01 4.696883540278999902e-01 -5.355393798787299708e+00 1.516348866482150868e+02 2.852149408601395066e+02 4.659378477504731109e+02 6.804544932893909390e+02 -1.560980000000000034e+00
4.400000000000000000e+01 4.798070832256999818e-01 -5.224653879781399723e+00 1.451970960455300883e+02 2.729795216259830113e+02 4.463876003655639124e+02 6.518687475725034801e+02 -1.560980000000000034e+00
4.500000000000000000e+01 4.899258124234999734e-01 -5.084191650876499935e+00 1.391707938725768088e+02 2.615137038933590929e+02 4.280534086656750219e+02 6.250544598248682178e+02 -1.560980000000000034e+00
4.600000000000000000e+01 5.000445416212000449e-01 -4.936445745360599879e+00 1.335213281912004959e+02 2.507545355648578038e+02 4.108361946738531856e+02 5.998681623071893227e+02 -1.560980000000000034e+00
4.700000000000000000e+01 5.101632708190000365e-01 -4.783490605830300169e+00 1.282175751153839087e+02 2.406453372527240901e+02 3.946467327836281243e+02 5.761805811307006024e+02 -1.560980000000000034e+00
4.800000000000000000e+01 5.202820000168000281e-01 -4.627085818893499791e+00 1.232315240450759006e+02 2.311349709158847077e+02 3.794045041253668842e+02 5.538749897125899224e+02 -1.560980000000000034e+00
4.900000000000000000e+01 5.304007292144999886e-01 -4.468718763887600254e+00 1.185379180475774064e+02 2.221772055826832002e+02 3.650367026169832911e+02 5.328457802251302837e+02 -1.560980000000000034e+00
5.000000000000000000e+01 5.405194584122999801e-01 -4.309641549788000070e+00 1.141139410051384004e+02 2.137301657800095995e+02 3.514773701732681275e+02 5.129972207432105051e+02 -1.560980000000000034e+00
5.100000000000000000e+01 5.506381876100999717e-01 -4.150902985820099644e+00 1.099389448721889977e+02 2.057558506196496921e+02 3.386666424331743883e+02 4.942423710328719153e+02 -1.560980000000000034e+00
5.200000000000000000e+01 5.607569168078000432e-01 -3.993376340681099812e+00 1.059942113110519983e+02 1.982197134234046132e+02 3.265500890562619247e+02 4.765021343285567923e+02 -1.560980000000000034e+00
5.300000000000000000e+01 5.708756460056000348e-01 -3.837783412705200181e+00 1.022627428521574018e+02 1.910902933559416113e+02 3.150781354550064179e+02 4.597044259478125809e+02 -1.560980000000000034e+00
5.400000000000000000e+01 5.809943752034000264e-01 -3.684715432545300207e+00 9.872907956383289729e+01 1.843388919036526943e+02 3.042055546212401964e+02 4.437834426526421794e+02 -1.560980000000000034e+00
5.500000000000000000e+01 5.911131044010999869e-01 -3.534651222687000161e+00 9.537913771636399929e+01 1.779392880638301051e+02 2.938910196043769929e+02 4.286790190462380110e+02 -1.560980000000000034e+00
5.600000000000000000e+01 6.012318335988999785e-01 -3.387972974169000118e+00 9.220006756354679567e+01 1.718674870731312012e+02 2.840967085013135147e+02 4.143360593748762994e+02 -1.560980000000000034e+00
5.700000000000000000e+01 6.113505627966999700e-01 -3.244979959094699939e+00 8.918012766100949307e+01 1.661014982574776866e+02 2.747879550871692800e+02 4.007040348605538043e+02 -1.560980000000000034e+00
5.800000000000000000e+01 6.214692919944000415e-01 -3.105900437765400035e+00 8.630857364597579817e+01 1.606211382271453090e+02 2.659329391919036993e+02 3.877365380466064266e+02 -1.560980000000000034e+00
5.900000000000000000e+01 6.315880211922000331e-01 -2.970902020920100028e+00 8.357555960668699413e+01 1.554078561689719038e+02 2.575024117141849160e+02 3.753908869322125952e+02 -1.560980000000000034e+00
6.000000000000000000e+01 6.417067503900000247e-01 -2.840100652940900083e+00 8.097205044069180246e+01 1.504445784642639126e+02 2.494694500184737080e+02 3.636277726339092737e+02 -1.560980000000000034e+00
6.100000000000000000e+01 6.518254795876999852e-01 -2.713568428235099805e+00 7.848974389856860512e+01 1.457155702348437103e+02 2.418092398633972095e+02 3.524109452148804280e+02 -1.560980000000000034e+00
6.200000000000000000e+01 6.619442087854999768e-01 -2.591340365120299971e+00 7.612100101250840112e+01 1.412063117485016051e+02 2.344988807240173116e+02 3.417069330327200873e+02 -1.560980000000000034e+00
6.300000000000000000e+01 6.720629379832999684e-01 -2.473420287937099893e+00 7.385878410407480033e+01 1.369033878959727986e+02 2.275172116310334900e+02 3.314847915934835783e+02 -1.560980000000000034e+00
6.400000000000000000e+01 6.821816671810000399e-01 -2.359785917861100035e+00 7.169660121487180504e+01 1.327943891880954084e+02 2.208446551666692130e+02 3.217158784275142125e+02 -1.560980000000000034e+00
6.500000000000000000e+01 6.923003963788000314e-01 -2.250393288173300199e+00 6.962845642877179841e+01 1.288678229203243006e+02 2.144630774351421962e+02 3.123736509511061854e+02 -1.560980000000000034e+00
6.600000000000000000e+01 7.024191255766000230e-01 -2.145180558525200176e+00 6.764880525823559765e+01 1.251130333429603070e+02 2.083556622244838081e+02 3.034334846944692003e+02 -1.560980000000000034e+00
6.700000000000000000e+01 7.125378547742999835e-01 -2.044071307109800006e+00 6.575251460095130085e+01 1.215201298002985055e+02 2.025067977318321937e+02 2.948725095665632239e+02 -1.560980000000000034e+00
6.800000000000000000e+01 7.226565839720999751e-01 -1.946977378327499952e+00 6.393482670827850001e+01 1.180799219506750006e+02 1.969019744200874129e+02 2.866694621650527779e+02 -1.560980000000000034e+00
6.900000000000000000e+01 7.327753131698999667e-01 -1.853801319464100095e+00 6.219132671793079936e+01 1.147838612783763068e+02 1.915276928507279877e+02 2.788045523516889261e+02 -1.560980000000000034e+00
7.000000000000000000e+01 7.428940423676000382e-01 -1.764438492565600036e+00 6.051791339159719740e+01 1.116239882153521989e+02 1.863713802985795951e+02 2.712593425487078207e+02 -1.560980000000000034e+00
7.100000000000000000e+01 7.530127715654000298e-01 -1.678778860825099972e+00 5.891077266867849715e+01 1.085928842699590007e+02 1.814213153251610038e+02 2.640166383882117884e+02 -1.560980000000000034e+00
7.200000000000000000e+01 7.631315007632000214e-01 -1.596708539763499912e+00 5.736635377627870014e+01 1.056836286087968944e+02 1.766665593340329963e+02 2.570603895197481279e+02 -1.560980000000000034e+00
7.300000000000000000e+01 7.732502299608999818e-01 -1.518111096969700036e+00 5.588134755141400234e+01 1.028897586571072935e+02 1.720968945139512130e+02 2.503755995028272139e+02 -1.560980000000000034e+00
7.400000000000000000e+01 7.833689591586999734e-01 -1.442868670737700088e+00 5.445266686139260059e+01 1.002052342711070025e+02 1.677027673795417115e+02 2.439482438654160035e+02 -1.560980000000000034e+00
7.500000000000000000e+01 7.934876883564999650e-01 -1.370862903069199890e+00 5.307742876497140116e+01 9.762440513506570028e+01 1.634752374396547054e+02 2.377651954772447880e+02 -1.560980000000000034e+00
7.600000000000000000e+01 8.036064175542000365e-01 -1.301975731700699912e+00 5.175293835553330268e+01 9.514198104419119773e+01 1.594059303985548013e+02 2.318141565144146057e+02 -1.560980000000000034e+00
7.700000000000000000e+01 8.137251467520000281e-01 -1.236090044017400080e+00 5.047667403329580083e+01 9.275300479322200431e+01 1.554869955001236121e+02 2.260835963529202104e+02 -1.560980000000000034e+00
7.800000000000000000e+01 8.238438759498000197e-01 -1.173090230646200105e+00 4.924627412463409826e+01 9.045282741048400510e+01 1.517110665287449081e+02 2.205626948162077952e+02 -1.560980000000000034e+00
7.900000000000000000e+01 8.339626051474999802e-01 -1.112862620753900078e+00 4.805952464427849691e+01 8.823708551176740400e+01 1.480712262266845016e+02 2.152412902522839886e+02 -1.560980000000000034e+00
8.000000000000000000e+01 8.440813343452999717e-01 -1.055295857809199989e+00 4.691434817411270330e+01 8.610168055807490362e+01 1.445609736455253085e+02 2.101098319761321136e+02 -1.560980000000000034e+00
8.100000000000000000e+01 8.542000635430999633e-01 -1.000281180177100104e+00 4.580879366516570173e+01 8.404275985517790559e+01 1.411741943012233094e+02 2.051593366649885866e+02 -1.560980000000000034e+00
8.200000000000000000e+01 8.643187927408000348e-01 -9.477126524975000299e-01 4.474102714708639894e+01 8.205669911367830593e+01 1.379051327655701016e+02 2.003813483443585994e+02 -1.560980000000000034e+00
8.300000000000000000e+01 8.744375219386000264e-01 -8.974873393876999783e-01 4.370932319279540224e+01 8.014008643248679675e+01 1.347483675075216070e+02 1.957679016147064033e+02 -1.560980000000000034e+00
8.400000000000000000e+01 8.845562511364000180e-01 -8.495054332634000005e-01 4.271205712914790098e+01 7.828970757469220132e+01 1.316987877729602019e+02 1.913114878381281869e+02 -1.560980000000000034e+00
8.500000000000000000e+01 8.946749803340999785e-01 -8.036703368101000278e-01 4.174769786363780355e+01 7.650253241792340475e+01 1.287515723364066105e+02 1.870050240071788892e+02 -1.560980000000000034e+00
8.600000000000000000e+01 9.047937095318999701e-01 -7.598887250692000217e-01 4.081480133650369879e+01 7.477570246788189934e+01 1.259021698818958015e+02 1.828418240662923040e+02 -1.560980000000000034e+00
8.700000000000000000e+01 9.149124387296999616e-01 -7.180705629946999569e-01 3.991200446548040048e+01 7.310651935206550434e+01 1.231462809881989955e+02 1.788155724493801131e+02 -1.560980000000000034e+00
8.800000000000000000e+01 9.250311679274000332e-01 -6.781291121246000309e-01 3.903801960724840114e+01 7.149243419688170320e+01 1.204798414501182009e+02 1.749202996650745092e+02 -1.560980000000000034e+00
8.900000000000000000e+01 9.351498971252000247e-01 -6.399809106856000351e-01 3.819162945384189811e+01 6.993103781432360222e+01 1.178990069083912999e+02 1.711503597252707891e+02 -1.560980000000000034e+00
9.000000000000000000e+01 9.452686263230000163e-01 -6.035457400104999870e-01 3.737168231527459739e+01 6.842005163246830080e+01 1.154001386304341992e+02 1.675004092832616038e+02 -1.560980000000000034e+00
9.100000000000000000e+01 9.553873555206999768e-01 -5.687465715651000009e-01 3.657708779261739807e+01 6.695731930244019736e+01 1.129797903707503934e+02 1.639653883154857112e+02 -1.560980000000000034e+00
9.200000000000000000e+01 9.655060847184999684e-01 -5.355095088804999737e-01 3.580681277465129853e+01 6.554079892313430378e+01 1.106346961982668944e+02 1.605405022329491942e+02 -1.560980000000000034e+00
9.300000000000000000e+01 9.756248139162000399e-01 -5.037637181438999745e-01 3.505987773148429909e+01 6.416855584126659551e+01 1.083617592070271058e+02 1.572212052934083886e+02 -1.560980000000000034e+00
9.400000000000000000e+01 9.857435431140000315e-01 -4.734413509907999806e-01 3.433535331170290306e+01 6.283875596375479944e+01 1.061580410630708968e+02 1.540031852140782860e+02 -1.560980000000000034e+00
9.500000000000000000e+01 9.958622723118000231e-01 -4.444774627192999983e-01 3.363235717181589735e+01 6.154965955864859950e+01 1.040207522872983930e+02 1.508823488767719141e+02 -1.560980000000000034e+00
9.600000000000000000e+01 1.005981001509500095e+00 -4.168099241880999783e-01 3.295005104936110030e+01 6.029961549039399671e+01 1.019472432475999994e+02 1.478548090539509019e+02 -1.560980000000000034e+00
9.700000000000000000e+01 1.016099730707300086e+00 -3.903793346296999811e-01 3.228763805724879887e+01 5.908705586331819859e+01 9.993499576212130364e+01 1.449168720559349026e+02 -1.560980000000000034e+00
9.800000000000000000e+01 1.026218459905100078e+00 -3.651289269802999726e-01 3.164436016201389990e+01 5.791049103619049987e+01 9.798161531019050585e+01 1.420650262393583034e+02 -1.560980000000000034e+00
9.900000000000000000e+01 1.036337189102799927e+00 -3.410044797042000031e-01 3.101949585842229951e+01 5.676850498074799845e+01 9.608482375860180014e+01 1.392959313026443908e+02 -1.560980000000000034e+00
1.000000000000000000e+02 1.046455918300599919e+00 -3.179542203422000002e-01 3.041235799065080059e+01 5.565975095947290185e+01 9.424245260282640402e+01 1.366064083112121068e+02 -1.560980000000000034e+00
1.010000000000000000e+02 1.056574647498399910e+00 -2.959287331898999840e-01 2.982229174221100010e+01 5.458294749317600036e+01 9.245243665983589665e+01 1.339934303922688912e+02 -1.560980000000000034e+00
1.020000000000000000e+02 1.066693376696099982e+00 -2.748808692834999734e-01 2.924867276554600082e+01 5.353687460035160228e+01 9.071280817241169814e+01 1.314541140523238880e+02 -1.560980000000000034e+00
1.030000000000000000e+02 1.076812105893899973e+00 -2.547656546541000044e-01 2.869090542769160024e+01 5.252037028502869731e+01 8.902169131667399427e+01 1.289857110684799864e+02 -1.560980000000000034e+00
1.040000000000000000e+02 1.086930835091699965e+00 -2.355402011200999901e-01 2.814842118823749928e+01 5.153232725717960250e+01 8.737729706733060198e+01 1.265856009087215028e+02 -1.560980000000000034e+00
1.050000000000000000e+02 1.097049564289400037e+00 -2.171636196555999931e-01 2.762067708323240112e+01 5.057168986722430049e+01 8.577791839470199875e+01 1.242512836477208964e+02 -1.560980000000000034e+00
1.060000000000000000e+02 1.107168293487200028e+00 -1.995969341414000064e-01 2.710715430841679918e+01 4.963745123600030240e+01 8.422192576954219589e+01 1.219803733334224063e+02 -1.560980000000000034e+00
1.070000000000000000e+02 1.117287022685000020e+00 -1.828030000636000074e-01 2.660735689839490092e+01 4.872865057167520320e+01 8.270776295870319927e+01 1.197705917792653025e+02 -1.560980000000000034e+00
1.080000000000000000e+02 1.127405751882700091e+00 -1.667464233437999932e-01 2.612081049002700084e+01 4.784437065548389967e+01 8.123394307947630466e+01 1.176197627482518016e+02 -1.560980000000000034e+00
1.090000000000000000e+02 1.137524481080500083e+00 -1.513934818890000089e-01 2.564706116669319869e+01 4.698373548638220143e+01 7.979904491525189769e+01 1.155258064975741945e+02 -1.560980000000000034e+00
1.100000000000000000e+02 1.147643210278300074e+00 -1.367120506927000101e-01 2.518567438064140163e+01 4.614590807094150193e+01 7.840170943893380695e+01 1.134867346676713993e+02 -1.560980000000000034e+00
1.110000000000000000e+02 1.157761939475999924e+00 -1.226715295218999968e-01 2.473623393787289970e+01 4.533008835326889852e+01 7.704063656511600300e+01 1.115006454787664012e+02 -1.560980000000000034e+00
1.120000000000000000e+02 1.167880668673799915e+00 -1.092427725258000026e-01 2.429834104470220169e+01 4.453551126780629943e+01 7.571458209476629975e+01 1.095657192234767052e+02 -1.560980000000000034e+00
1.130000000000000000e+02 1.177999397871599907e+00 -9.639802011730000397e-02 2.387161342816380127e+01 4.376144491473770159e+01 7.442235484803730117e+01 1.076802140327162931e+02 -1.560980000000000034e+00
1.140000000000000000e+02 1.188118127069299979e+00 -8.411083502390000188e-02 2.345568448804269934e+01 4.300718884186740354e+01 7.316281396100440304e+01 1.058424618913676056e+02 -1.560980000000000034e+00
1.150000000000000000e+02 1.198236856267099970e+00 -7.235604003010000229e-02 2.305020251993079938e+01 4.227207243086029820e+01 7.193486634662639290e+01 1.040508648943327046e+02 -1.560980000000000034e+00
1.160000000000000000e+02 1.208355585464899962e+00 -6.110965707689999804e-02 2.265482997787709962e+01 4.155545338057380178e+01 7.073746431048449779e+01 1.023038917214933008e+02 -1.560980000000000034e+00
1.170000000000000000e+02 1.218474314662600033e+00 -5.034885153219999937e-02 2.226924277183670142e+01 4.085671627599119660e+01 6.956960329334519599e+01 1.006000743158255943e+02 -1.560980000000000034e+00
1.180000000000000000e+02 1.228593043860400025e+00 -4.005187758019999877e-02 2.189312962437630006e+01 4.017527124419380158e+01 6.843031975123180644e+01 9.893800475922080295e+01 -1.560980000000000034e+00
1.190000000000000000e+02 1.238711773058200016e+00 -3.019802375309999995e-02 2.152619145383980026e+01 3.951055268711579771e+01 6.731868916123589486e+01 9.731633232379890330e+01 -1.560980000000000034e+00
1.200000000000000000e+02 1.248830502255900088e+00 -2.076756552740000039e-02 2.116814078859589898e+01 3.886201808548980097e+01 6.623382412947709952e+01 9.573376069016740075e+01 -1.560980000000000034e+00
1.210000000000000000e+02 1.258949231453700079e+00 -1.174171491050000037e-02 2.081870122560090053e+01 3.822914687368500353e+01 6.517487261491230299e+01 9.418904532706069688e+01 -1.560980000000000034e+00
1.220000000000000000e+02 1.269067960651500071e+00 -3.102578207699999927e-03 2.047760691532619859e+01 3.761143937476060017e+01 6.414101624241540378e+01 9.268099101416710539e+01 -1.560980000000000034e+00
1.230000000000000000e+02 1.279186689849199920e+00 5.166890621999999621e-03 2.014460207245139856e+01 3.700841579799440240e+01 6.313146872093830098e+01 9.120844950188730138e+01 -1.560980000000000034e+00
1.240000000000000000e+02 1.289305419046999912e+00 1.308293089230000081e-02 1.981944051586710032e+01 3.641961529300699851e+01 6.214547434489300315e+01 8.977031730564689838e+01 -1.560980000000000034e+00
1.250000000000000000e+02 1.299424148244799904e+00 2.066101234990000077e-02 1.950188523490090020e+01 3.584459505121579781e+01 6.118230656074749874e+01 8.836553361416160612e+01 -1.560980000000000034e+00
1.260000000000000000e+02 1.309542877442499975e+00 2.791587625589999830e-02 1.919170797828079955e+01 3.528292946212690140e+01 6.024126664432459677e+01 8.699307831418460069e+01 -1.560980000000000034e+00
1.270000000000000000e+02 1.319661606640299967e+00 3.486156797239999688e-02 1.888868886409520087e+01 3.473420931206909756e+01 5.932168241264309927e+01 8.565197012269439369e+01 -1.560980000000000034e+00
1.280000000000000000e+02 1.329780335838099958e+00 4.151147425269999941e-02 1.859261601044260104e+01 3.419804102786569899e+01 5.842290703160210086e+01 8.434126481636690187e+01 -1.560980000000000034e+00
1.290000000000000000e+02 1.339899065035800030e+00 4.787835272060000230e-02 1.830328518663380066e+01 3.367404595939230205e+01 5.754431786966340212e+01 8.306005355614179564e+01 -1.560980000000000034e+00
1.300000000000000000e+02 1.350017794233600021e+00 5.397436568620000291e-02 1.802049948539179880e+01 3.316185970240960046e+01 5.668531542326230266e+01 8.180746130136380145e+01 -1.560980000000000034e+00
1.310000000000000000e+02 1.360136523431400013e+00 5.981110651600000244e-02 1.774406900139139864e+01 3.266113145520059646e+01 5.584532228632979667e+01 8.058264530218970378e+01 -1.560980000000000034e+00
1.320000000000000000e+02 1.370255252629100085e+00 6.539962988979999836e-02 1.747381054160230107e+01 3.217152340913779796e+01 5.502378218076769656e+01 7.938479367502199580e+01 -1.560980000000000034e+00
1.330000000000000000e+02 1.380373981826900076e+00 7.075047760020000687e-02 1.720954733529319824e+01 3.169271017335109875e+01 5.422015903893920097e+01 7.821312404966019471e+01 -1.560980000000000034e+00
1.340000000000000000e+02 1.390492711024700068e+00 7.587370316050000285e-02 1.695110877165580021e+01 3.122437822496720017e+01 5.343393612074130061e+01 7.706688228343230662e+01 -1.560980000000000034e+00
1.350000000000000000e+02 1.400611440222399917e+00 8.077889716680000665e-02 1.669833013850229975e+01 3.076622539146239887e+01 5.266461518904409900e+01 7.594534124262480645e+01 -1.560980000000000034e+00
1.360000000000000000e+02 1.410730169420199909e+00 8.547520845870000550e-02 1.645105238407100146e+01 3.031796035653740162e+01 5.191171571577599764e+01 7.484779964421379361e+01 -1.560980000000000034e+00
1.370000000000000000e+02 1.420848898617999900e+00 8.997136705019999348e-02 1.620912188160160028e+01 2.987930219296379875e+01 5.117477413177240209e+01 7.377358095617249489e+01 -1.560980000000000034e+00
1.380000000000000000e+02 1.430967627815699972e+00 9.427570383090000394e-02 1.597239021251739999e+01 2.944997991705630014e+01 5.045334311580840136e+01 7.272203235164440116e+01 -1.560980000000000034e+00
1.390000000000000000e+02 1.441086357013499963e+00 9.839617098340000534e-02 1.574071395715860078e+01 2.902973206728940170e+01 4.974699091302390030e+01 7.169252371441089622e+01 -1.560980000000000034e+00
1.400000000000000000e+02 1.451205086211299955e+00 1.023403592943999962e-01 1.551395449318260056e+01 2.861830630134669917e+01 4.905530068914880104e+01 7.068444669333969443e+01 -1.560980000000000034e+00
1.410000000000000000e+02 1.461323815409000026e+00 1.061155164418999958e-01 1.529197780692789976e+01 2.821545901508060084e+01 4.837786991660779989e+01 6.969721380283920098e+01 -1.560980000000000034e+00
1.420000000000000000e+02 1.471442544606800018e+00 1.097285649611000058e-01 1.507465431027410041e+01 2.782095498020530044e+01 4.771430979202580147e+01 6.873025756523590246e+01 -1.560980000000000034e+00
1.430000000000000000e+02 1.481561273804600010e+00 1.131861153137000003e-01 1.486185867128330074e+01 2.743456699630669959e+01 4.706424467155839864e+01 6.778302969620149554e+01 -1.560980000000000034e+00
1.440000000000000000e+02 1.491680003002300081e+00 1.164944831359999988e-01 1.465346964550220044e+01 2.705607556384680024e+01 4.642731154550040173e+01 6.685500032824960215e+01 -1.560980000000000034e+00
1.450000000000000000e+02 1.501798732200100073e+00 1.196597027311000067e-01 1.444936992194829983e+01 2.668526857042670031e+01 4.580315952897230147e+01 6.594565726890360224e+01 -1.560980000000000034e+00
1.460000000000000000e+02 1.511917461397900064e+00 1.226875414982000062e-01 1.424944596861189972e+01 2.632194099133020160e+01 4.519144938233149844e+01 6.505450529696000217e+01 -1.560980000000000034e+00
1.470000000000000000e+02 1.522036190595599914e+00 1.255835111537000059e-01 1.405358789253559948e+01 2.596589460642839953e+01 4.459185304541190220e+01 6.418106548702900227e+01 -1.560980000000000034e+00
1.480000000000000000e+02 1.532154919793399905e+00 1.283528809689999939e-01 1.386168930251949938e+01 2.561693772770119892e+01 4.400405320120059827e+01 6.332487457091639982e+01 -1.560980000000000034e+00
1.490000000000000000e+02 1.542273648991099977e+00 1.310006906736000121e-01 1.367364717287230036e+01 2.527488494264380137e+01 4.342774285933860057e+01 6.248548432317050327e+01 -1.560980000000000034e+00
1.500000000000000000e+02 1.552392378188899968e+00 1.335317582574999939e-01 1.348936172459199945e+01 2.493955686529109883e+01 4.286262494767299813e+01 6.166246097719250230e+01 -1.560980000000000034e+00
1.510000000000000000e+02 1.562511107386699960e+00 1.359506945996999949e-01 1.330873630155750043e+01 2.461077990411720151e+01 4.230841194059370025e+01 6.085538466826869808e+01 -1.560980000000000034e+00
1.520000000000000000e+02 1.572629836584400032e+00 1.382619091081999929e-01 1.313167725457089929e+01 2.428838603352830106e+01 4.176482548138010031e+01 6.006384889782909653e+01 -1.560980000000000034e+00
1.530000000000000000e+02 1.582748565782200023e+00 1.404696223139000055e-01 1.295809383677159943e+01 2.397221258288530166e+01 4.123159604276529677e+01 5.928746002779190150e+01 -1.560980000000000034e+00
1.540000000000000000e+02 1.592867294980000015e+00 1.425778736622000109e-01 1.278789809089670015e+01 2.366210203003650037e+01 4.070846259070079753e+01 5.852583679199739919e+01 -1.560980000000000034e+00
1.550000000000000000e+02 1.602986024177700086e+00 1.445905298312999965e-01 1.262100475534460031e+01 2.335790180611340006e+01 4.019517226235819862e+01 5.777860983145730245e+01 -1.560980000000000034e+00
1.560000000000000000e+02 1.613104753375500078e+00 1.465112939132000025e-01 1.245733116167659915e+01 2.305946410925200141e+01 3.969148006655770189e+01 5.704542124979209916e+01 -1.560980000000000034e+00
1.570000000000000000e+02 1.623223482573300069e+00 1.483437110147000082e-01 1.229679714764709964e+01 2.276664572420419930e+01 3.919714858269210112e+01 5.632592418735399775e+01 -1.560980000000000034e+00
1.580000000000000000e+02 1.633342211770999919e+00 1.500911781824000035e-01 1.213932496276039963e+01 2.247930785356150096e+01 3.871194769282819692e+01 5.561978241605110185e+01 -1.560980000000000034e+00
1.590000000000000000e+02 1.643460940968799910e+00 1.517569491027999928e-01 1.198483918731369968e+01 2.219731595268649826e+01 3.823565430440010005e+01 5.492666994661350088e+01 -1.560980000000000034e+00
1.600000000000000000e+02 1.653579670166599902e+00 1.533441419683999885e-01 1.183326664962010000e+01 2.192053957421590127e+01 3.776805210001990076e+01 5.424627065903389678e+01 -1.560980000000000034e+00
1.610000000000000000e+02 1.663698399364299974e+00 1.548557454270000078e-01 1.168453634525909912e+01 2.164885221854200026e+01 3.730893128992280339e+01 5.357827794286279754e+01 -1.560980000000000034e+00
1.620000000000000000e+02 1.673817128562099965e+00 1.562946243445000050e-01 1.153857936554610042e+01 2.138213118952230118e+01 3.685808837740400179e+01 5.292239435687090321e+01 -1.560980000000000034e+00
1.630000000000000000e+02 1.683935857759899957e+00 1.576635255948000136e-01 1.139532882289839932e+01 2.112025745864350057e+01 3.641532593331569956e+01 5.227833130085060276e+01 -1.560980000000000034e+00
1.640000000000000000e+02 1.694054586957600028e+00 1.589650832224999977e-01 1.125471978312580035e+01 2.086311553222489934e+01 3.598045238005899904e+01 5.164580870094960119e+01 -1.560980000000000034e+00
1.650000000000000000e+02 1.704173316155400020e+00 1.602018244727000107e-01 1.111668919586970006e+01 2.061059332714620140e+01 3.555328178707979703e+01 5.102455470938169668e+01 -1.560980000000000034e+00
1.660000000000000000e+02 1.714292045353200011e+00 1.613761730682999884e-01 1.098117583397210062e+01 2.036258204869919908e+01 3.513363366683490341e+01 5.041430541581819824e+01 -1.560980000000000034e+00
1.670000000000000000e+02 1.724410774550900083e+00 1.624904552970000138e-01 1.084812022937400044e+01 2.011897607581429881e+01 3.472133279203679734e+01 4.981480456875309670e+01 -1.560980000000000034e+00
1.680000000000000000e+02 1.734529503748700074e+00 1.635469034545999900e-01 1.071746461700410080e+01 1.987967284950810054e+01 3.431620900605189917e+01 4.922580331346529903e+01 -1.560980000000000034e+00
1.690000000000000000e+02 1.744648232946500066e+00 1.645476608013000108e-01 1.058915287484849976e+01 1.964457276737109837e+01 3.391809705237290018e+01 4.864705993278779772e+01 -1.560980000000000034e+00
1.700000000000000000e+02 1.754766962144199915e+00 1.654947847267000116e-01 1.046313046939649993e+01 1.941357908049700143e+01 3.352683640283019884e+01 4.807833960518620131e+01 -1.560980000000000034e+00
1.710000000000000000e+02 1.764885691341999907e+00 1.663902510050999928e-01 1.033934440581469971e+01 1.918659779674529986e+01 3.314227109875189825e+01 4.751941416925709660e+01 -1.560980000000000034e+00
1.720000000000000000e+02 1.775004420539799899e+00 1.672359574683000005e-01 1.021774317613230032e+01 1.896353758527000011e+01 3.276424959452800323e+01 4.697006189835759926e+01 -1.560980000000000034e+00
1.730000000000000000e+02 1.785123149737499970e+00 1.680337273891999994e-01 1.009827670737730010e+01 1.874430968756360016e+01 3.239262460953749923e+01 4.643006728217829959e+01 -1.560980000000000034e+00
1.740000000000000000e+02 1.795241878935299962e+00 1.687853124252000070e-01 9.980896320965999990e+00 1.852882783007000000e+01 3.202725298274909704e+01 4.589922082140670057e+01 -1.560980000000000034e+00
1.750000000000000000e+02 1.805360608133099953e+00 1.694923955504999968e-01 9.865554681838499818e+00 1.831700814093440144e+01 3.166799553621489949e+01 4.537731882504610326e+01 -1.560980000000000034e+00
1.760000000000000000e+02 1.815479337330800025e+00 1.701565956650999967e-01 9.752205757811099218e+00 1.810876907056350049e+01 3.131471694585820131e+01 4.486416321975440269e+01 -1.560980000000000034e+00
1.770000000000000000e+02 1.825598066528600016e+00 1.707794679980000063e-01 9.640804776565799372e+00 1.790403131392859848e+01 3.096728560838219835e+01 4.435956136353139811e+01 -1.560980000000000034e+00
1.780000000000000000e+02 1.835716795726400008e+00 1.713625080645999887e-01 9.531308188944199955e+00 1.770271773695040096e+01 3.062557352276559897e+01 4.386332586959350266e+01 -1.560980000000000034e+00
1.790000000000000000e+02 1.845835524924100080e+00 1.719071549620999895e-01 9.423673622278000650e+00 1.750475330603219959e+01 3.028945617289720005e+01 4.337527443329560128e+01 -1.560980000000000034e+00
1.800000000000000000e+02 1.855954254121900071e+00 1.724147920283000124e-01 9.317859852801200660e+00 1.731006501905540063e+01 2.995881241209410106e+01 4.289522966943960114e+01 -1.560980000000000034e+00
1.810000000000000000e+02 1.866072983319700063e+00 1.728867505219000011e-01 9.213826761536699550e+00 1.711858183922879917e+01 2.963352435560739906e+01 4.242301895213169871e+01 -1.560980000000000034e+00
1.820000000000000000e+02 1.876191712517399912e+00 1.733243114093999948e-01 9.111535303901700189e+00 1.693023463298850118e+01 2.931347727552050131e+01 4.195847426399709690e+01 -1.560980000000000034e+00
1.830000000000000000e+02 1.886310441715199904e+00 1.737287072161000090e-01 9.010947474989700723e+00 1.674495610804219936e+01 2.899855949898750040e+01 4.150143204873270264e+01 -1.560980000000000034e+00
1.840000000000000000e+02 1.896429170912999895e+00 1.741011250942000044e-01 8.912026276573099537e+00 1.656268075572259946e+01 2.868866231468329886e+01 4.105173306854000259e+01 -1.560980000000000034e+00
1.850000000000000000e+02 1.906547900110699967e+00 1.744427068906000133e-01 8.814735688025200133e+00 1.638334479352489836e+01 2.838367987149489835e+01 4.060922227049899647e+01 -1.560980000000000034e+00
1.860000000000000000e+02 1.916666629308499958e+00 1.747545526937999971e-01 8.719040633067200119e+00 1.620688611123109979e+01 2.808350909644919824e+01 4.017374865309619736e+01 -1.560980000000000034e+00
1.870000000000000000e+02 1.926785358506299950e+00 1.750377217832999877e-01 8.624906954221300381e+00 1.603324421915149856e+01 2.778804960381049938e+01 3.974516514176750093e+01 -1.560980000000000034e+00
1.880000000000000000e+02 1.936904087704000021e+00 1.752932347098999921e-01 8.532301381615500446e+00 1.586236019673209974e+01 2.749720361212429864e+01 3.932332846484329991e+01 -1.560980000000000034e+00
1.890000000000000000e+02 1.947022816901800013e+00 1.755220741253999961e-01 8.441191508012899192e+00 1.569417664431099979e+01 2.721087586279439918e+01 3.890809903889969945e+01 -1.560980000000000034e+00
1.900000000000000000e+02 1.957141546099600005e+00 1.757251873095000139e-01 8.351545763197000483e+00 1.552863763656949914e+01 2.692897354326199988e+01 3.849934085372500192e+01 -1.560980000000000034e+00
1.910000000000000000e+02 1.967260275297300076e+00 1.759034868334000135e-01 8.263333386128099534e+00 1.536568867678649930e+01 2.665140621157080147e+01 3.809692136352649783e+01 -1.560980000000000034e+00
1.920000000000000000e+02 1.977379004495100068e+00 1.760578522144000124e-01 8.176524403656300066e+00 1.520527665379530013e+01 2.637808572363979920e+01 3.770071138214880335e+01 -1.560980000000000034e+00
1.930000000000000000e+02 1.987497733692900059e+00 1.761891314242000073e-01 8.091089604942100166e+00 1.504734979969060049e+01 2.610892616458840010e+01 3.731058498121799971e+01 -1.560980000000000034e+00
1.940000000000000000e+02 1.997616462890599909e+00 1.762981421355999945e-01 8.007000518697999780e+00 1.489185764989749927e+01 2.584384378059739973e+01 3.692641939195590339e+01 -1.560980000000000034e+00
1.950000000000000000e+02 2.007735192088400122e+00 1.763856723789999914e-01 7.924229393565799917e+00 1.473875100297130025e+01 2.558275691351790115e+01 3.654809491108110109e+01 -1.560980000000000034e+00
1.960000000000000000e+02 2.017853921286199892e+00 1.764524821979999991e-01 7.842749174971800130e+00 1.458798188383619987e+01 2.532558593836569827e+01 3.617549480989210053e+01 -1.560980000000000034e+00
1.970000000000000000e+02 2.027972650483900185e+00 1.764993051568000126e-01 7.762533483842600113e+00 1.443950350720720088e+01 2.507225320487929920e+01 3.580850524473009955e+01 -1.560980000000000034e+00
1.980000000000000000e+02 2.038091379681699955e+00 1.765268483766999907e-01 7.683556599853000435e+00 1.429327024200000018e+01 2.482268297576790061e+01 3.544701517307279914e+01 -1.560980000000000034e+00
1.990000000000000000e+02 2.048210108879500169e+00 1.765357943520000084e-01 7.605793439287399593e+00 1.414923757781209979e+01 2.457680137299140100e+01 3.509091627194489860e+01 -1.560980000000000034e+00
2.000000000000000000e+02 2.058328838077200018e+00 1.765268015054999862e-01 7.529219538223900443e+00 1.400736209210609928e+01 2.433453632077739925e+01 3.474010285703519685e+01 -1.560980000000000034e+00
2.010000000000000000e+02 2.068447567274999788e+00 1.765005055872999884e-01 7.453811033625600047e+00 1.386760141870169960e+01 2.409581749617530022e+01 3.439447180716869923e+01 -1.560980000000000034e+00
2.020000000000000000e+02 2.078566296472800001e+00 1.764575194136999980e-01 7.379544647866000062e+00 1.372991421603270012e+01 2.386057627373870105e+01 3.405392248935790178e+01 -1.560980000000000034e+00
2.030000000000000000e+02 2.088685025670499851e+00 1.763984358990000056e-01 7.306397669568999831e+00 1.359426014004979955e+01 2.362874568314170176e+01 3.371835668844919809e+01 -1.560980000000000034e+00
2.040000000000000000e+02 2.098803754868300064e+00 1.763238258957000038e-01 7.234347939441200026e+00 1.346059981253520021e+01 2.340026035318570052e+01 3.338767853699319943e+01 -1.560980000000000034e+00
2.050000000000000000e+02 2.108922484066099834e+00 1.762342420374000129e-01 7.163373832498000304e+00 1.332889479640559927e+01 2.317505647359880072e+01 3.306179444806659973e+01 -1.560980000000000034e+00
2.060000000000000000e+02 2.119041213263800127e+00 1.761302168627000009e-01 7.093454246309200073e+00 1.319910756669749929e+01 2.295307174537619943e+01 3.274061305190510041e+01 -1.560980000000000034e+00
2.070000000000000000e+02 2.129159942461599897e+00 1.760122653894999889e-01 7.024568582650600135e+00 1.307120148654430025e+01 2.273424534122390028e+01 3.242404513238010111e+01 -1.560980000000000034e+00
2.080000000000000000e+02 2.139278671659300191e+00 1.758808850829000070e-01 6.956696734223100087e+00 1.294514078117230049e+01 2.251851786221000040e+01 3.211200356597169758e+01 -1.560980000000000034e+00
2.090000000000000000e+02 2.149397400857099960e+00 1.757365561451000036e-01 6.889819074414099909e+00 1.282089051390570056e+01 2.230583129811590126e+01 3.180440326532470152e+01 -1.560980000000000034e+00
2.100000000000000000e+02 2.159516130054900174e+00 1.755797428719000075e-01 6.823916437791599954e+00 1.269841656330880042e+01 2.209612898922650004e+01 3.150116112004900160e+01 -1.560980000000000034e+00
2.110000000000000000e+02 2.169634859252600023e+00 1.754108936859999912e-01 6.758970113319699990e+00 1.257768559984170054e+01 2.188935558713099994e+01 3.120219594377969941e+01 -1.560980000000000034e+00
2.120000000000000000e+02 2.179753588450399793e+00 1.752304420881999891e-01 6.694961827430599755e+00 1.245866506479580060e+01 2.168545702049840074e+01 3.090742842079950137e+01 -1.560980000000000034e+00
2.130000000000000000e+02 2.189872317648200006e+00 1.750388068408000042e-01 6.631873735254799840e+00 1.234132314803050079e+01 2.148438045825280085e+01 3.061678105363139935e+01 -1.560980000000000034e+00
2.140000000000000000e+02 2.199991046845899856e+00 1.748363928948999946e-01 6.569688405578999912e+00 1.222562876890090067e+01 2.128607427662860019e+01 3.033017811499630056e+01 -1.560980000000000034e+00
2.150000000000000000e+02 2.210109776043700069e+00 1.746235918523000030e-01 6.508388813302699916e+00 1.211155155529480076e+01 2.109048802557499869e+01 3.004754559850820073e+01 -1.560980000000000034e+00
2.160000000000000000e+02 2.220228505241499839e+00 1.744007818914999897e-01 6.447958324425799859e+00 1.199906182491429973e+01 2.089757239631489938e+01 2.976881117223109996e+01 -1.560980000000000034e+00
2.170000000000000000e+02 2.230347234439200133e+00 1.741683290713000043e-01 6.388380688908400273e+00 1.188813056641260069e+01 2.070727919227730141e+01 2.949390413439050107e+01 -1.560980000000000034e+00
2.180000000000000000e+02 2.240465963636999902e+00 1.739265871735999891e-01 6.329640028185799849e+00 1.177872942177810067e+01 2.051956129764469949e+01 2.922275536831499920e+01 -1.560980000000000034e+00
2.190000000000000000e+02 2.250584692834800116e+00 1.736758984452000110e-01 6.271720826309199914e+00 1.167083066846420003e+01 2.033437264798750022e+01 2.895529730139810098e+01 -1.560980000000000034e+00
2.200000000000000000e+02 2.260703422032499965e+00 1.734165938191999934e-01 6.214607919518700285e+00 1.156440720251499954e+01 2.015166820389029922e+01 2.869146386272269922e+01 -1.560980000000000034e+00
2.210000000000000000e+02 2.270822151230300179e+00 1.731489933130999914e-01 6.158286487537299791e+00 1.145943252248119926e+01 1.997140392174189927e+01 2.843119044481899849e+01 -1.560980000000000034e+00
2.220000000000000000e+02 2.280940880428099948e+00 1.728734066696999971e-01 6.102742043424200347e+00 1.135588071298299973e+01 1.979353672958880139e+01 2.817441386390250102e+01 -1.560980000000000034e+00
2.230000000000000000e+02 2.291059609625799798e+00 1.725901335843000040e-01 6.047960425868399881e+00 1.125372643022109997e+01 1.961802449941620097e+01 2.792107232254110016e+01 -1.560980000000000034e+00
2.240000000000000000e+02 2.301178338823600011e+00 1.722994637132999884e-01 5.993927790395400024e+00 1.115294488577699994e+01 1.944482602322609921e+01 2.767110537458399833e+01 -1.560980000000000034e+00
2.250000000000000000e+02 2.311297068021399781e+00 1.720016777404999864e-01 5.940630600125199834e+00 1.105351183348540012e+01 1.927390099011439872e+01 2.742445388832929964e+01 -1.560980000000000034e+00
2.260000000000000000e+02 2.321415797219100074e+00 1.716970469650999920e-01 5.888055618911000266e+00 1.095540355407210065e+01 1.910520996078789935e+01 2.718106001385639914e+01 -1.560980000000000034e+00
2.270000000000000000e+02 2.331534526416899844e+00 1.713858340397000080e-01 5.836189903046100191e+00 1.085859684274969972e+01 1.893871434652630015e+01 2.694086714937489901e+01 -1.560980000000000034e+00
2.280000000000000000e+02 2.341653255614700058e+00 1.710682931522000128e-01 5.785020793110000170e+00 1.076306899488660029e+01 1.877437638695450062e+01 2.670381990895860014e+01 -1.560980000000000034e+00
2.290000000000000000e+02 2.351771984812399907e+00 1.707446704893000045e-01 5.734535907820400347e+00 1.066879779443699938e+01 1.861215912871290001e+01 2.646986409226380133e+01 -1.560980000000000034e+00
2.300000000000000000e+02 2.361890714010200121e+00 1.704152041302000042e-01 5.684723135993800192e+00 1.057576149992950043e+01 1.845202640487839929e+01 2.623894665304279883e+01 -1.560980000000000034e+00
2.310000000000000000e+02 2.372009443207999890e+00 1.700801247011999862e-01 5.635570629392099740e+00 1.048393883399839943e+01 1.829394281454240101e+01 2.601101567105019896e+01 -1.560980000000000034e+00
2.320000000000000000e+02 2.382128172405700184e+00 1.697396554172000138e-01 5.587066797512900251e+00 1.039330897073440063e+01 1.813787370425360024e+01 2.578602032350449846e+01 -1.560980000000000034e+00
2.330000000000000000e+02 2.392246901603499953e+00 1.693940124104000022e-01 5.539200298034599790e+00 1.030385152416499928e+01 1.798378514824799979e+01 2.556391085605509872e+01 -1.560980000000000034e+00
2.340000000000000000e+02 2.402365630801300167e+00 1.690434048230000097e-01 5.491960034751000030e+00 1.021554653807019974e+01 1.783164393047360008e+01 2.534463855813639910e+01 -1.560980000000000034e+00
2.350000000000000000e+02 2.412484359999000016e+00 1.686880353948000122e-01 5.445335147363300266e+00 1.012837447435100025e+01 1.768141752745779982e+01 2.512815573562010130e+01 -1.560980000000000034e+00
2.360000000000000000e+02 2.422603089196799786e+00 1.683281003269999909e-01 5.399315008050099784e+00 1.004231620333679942e+01 1.753307409034200148e+01 2.491441568547359964e+01 -1.560980000000000034e+00
2.370000000000000000e+02 2.432721818394600000e+00 1.679637896842000044e-01 5.353889214155699960e+00 9.957352993225800475e+00 1.738658242841909995e+01 2.470337267203190024e+01 -1.560980000000000034e+00
2.380000000000000000e+02 2.442840547592299849e+00 1.675952873667000131e-01 5.309047583706700379e+00 9.873466500265999812e+00 1.724191199221479920e+01 2.449498190234969996e+01 -1.560980000000000034e+00
2.390000000000000000e+02 2.452959276790100063e+00 1.672227716365999872e-01 5.264780149294599809e+00 9.790638759377999989e+00 1.709903285895530090e+01 2.428919950370550040e+01 -1.560980000000000034e+00
2.400000000000000000e+02 2.463078005987899832e+00 1.668464152656000121e-01 5.221077152950099887e+00 9.708852175163100284e+00 1.695791571679299992e+01 2.408598250083259984e+01 -1.560980000000000034e+00
2.410000000000000000e+02 2.473196735185600126e+00 1.664663853372000124e-01 5.177929040849999609e+00 9.628089512386900140e+00 1.681853184891440023e+01 2.388528879405410166e+01 -1.560980000000000034e+00
2.420000000000000000e+02 2.483315464383399895e+00 1.660828437955000070e-01 5.135326458079299883e+00 9.548333887342499438e+00 1.668085311999560005e+01 2.368707713800629833e+01 -1.560980000000000034e+00
2.430000000000000000e+02 2.493434193581200109e+00 1.656959477433999905e-01 5.093260243903100282e+00 9.469568759470400110e+00 1.654485196268549885e+01 2.349130712088910045e+01 -1.560980000000000034e+00
2.440000000000000000e+02 2.503552922778899958e+00 1.653058489096000117e-01 5.051721427903999917e+00 9.391777923076599421e+00 1.641050136200150078e+01 2.329793914487639839e+01 -1.560980000000000034e+00
2.450000000000000000e+02 2.513671651976700172e+00 1.649126947583000047e-01 5.010701223403800419e+00 9.314945499544899477e+00 1.627777484443760159e+01 2.310693440628769935e+01 -1.560980000000000034e+00
2.460000000000000000e+02 2.523790381174499942e+00 1.645166279369000006e-01 4.970191025053599887e+00 9.239055928894899239e+00 1.614664646342189869e+01 2.291825487656389981e+01 -1.560980000000000034e+00
2.470000000000000000e+02 2.533909110372199791e+00 1.641177866278999975e-01 4.930182403480699804e+00 9.164093962634400015e+00 1.601709078698819866e+01 2.273186328408050016e+01 -1.560980000000000034e+00
2.480000000000000000e+02 2.544027839570000005e+00 1.637163046728999927e-01 4.890667100463200079e+00 9.090044656267300738e+00 1.588908288581970041e+01 2.254772309584370049e+01 -1.560980000000000034e+00
2.490000000000000000e+02 2.554146568767800218e+00 1.633123119213999996e-01 4.851637026227599847e+00 9.016893362395499878e+00 1.576259832149350082e+01 2.236579850065839992e+01 -1.560980000000000034e+00
2.500000000000000000e+02 2.564265297965500068e+00 1.629059341037999986e-01 4.813084253816899860e+00 8.944625723088799774e+00 1.563761313502580030e+01 2.218605439157530057e+01 -1.560980000000000034e+00
2.510000000000000000e+02 2.574384027163299837e+00 1.624972930967999996e-01 4.775001016540800336e+00 8.873227663770599349e+00 1.551410383510689961e+01 2.200845634932930039e+01 -1.560980000000000034e+00
2.520000000000000000e+02 2.584502756361100051e+00 1.620865068056999980e-01 4.737379704200099795e+00 8.802685386028800352e+00 1.539204738713280030e+01 2.183297062756560081e+01 -1.560980000000000034e+00
2.530000000000000000e+02 2.594621485558799900e+00 1.616736897218999935e-01 4.700212857393199606e+00 8.732985361534300495e+00 1.527142120348779919e+01 2.165956413507059963e+01 -1.560980000000000034e+00
2.540000000000000000e+02 2.604740214756600114e+00 1.612589526201000101e-01 4.663493167109399984e+00 8.664114325840499120e+00 1.515220313219669990e+01 2.148820442284329957e+01 -1.560980000000000034e+00
2.550000000000000000e+02 2.614858943954399884e+00 1.608424029325999927e-01 4.627213468230600313e+00 8.596059271852400485e+00 1.503437144769270084e+01 2.131885966750460071e+01 -1.560980000000000034e+00
2.560000000000000000e+02 2.624977673152100177e+00 1.604241448294000116e-01 4.591366737572600165e+00 8.528807444438200491e+00 1.491790484052400068e+01 2.115149865784270133e+01 -1.560980000000000034e+00
2.570000000000000000e+02 2.635096402349899947e+00 1.600042789662000087e-01 4.555946091107999862e+00 8.462346334200500308e+00 1.480278240726480021e+01 2.098609078088340141e+01 -1.560980000000000034e+00
2.580000000000000000e+02 2.645215131547700160e+00 1.595829032431000105e-01 4.520944779782399614e+00 8.396663672310699766e+00 1.468898364297420045e+01 2.082260600779870074e+01 -1.560980000000000034e+00
2.590000000000000000e+02 2.655333860745400010e+00 1.591601124833000036e-01 4.486356185965400201e+00 8.331747424599699414e+00 1.457648843083859980e+01 2.066101488080419912e+01 -1.560980000000000034e+00
2.600000000000000000e+02 2.665452589943199779e+00 1.587359982256000002e-01 4.452173821967200240e+00 8.267585786252199753e+00 1.446527703267009990e+01 2.050128850012989901e+01 -1.560980000000000034e+00
2.610000000000000000e+02 2.675571319140999993e+00 1.583106495364000055e-01 4.418391325626900290e+00 8.204167177119300547e+00 1.435533008256340004e+01 2.034339851182069836e+01 -1.560980000000000034e+00
2.620000000000000000e+02 2.685690048338699842e+00 1.578841526412000096e-01 4.385002458178999696e+00 8.141480236113199709e+00 1.424662857659659920e+01 2.018731709525399864e+01 -1.560980000000000034e+00
2.630000000000000000e+02 2.695808777536500056e+00 1.574565910168000127e-01 4.352001101429100238e+00 8.079513816562300832e+00 1.413915386558790033e+01 2.003301695092629942e+01 -1.560980000000000034e+00
2.640000000000000000e+02 2.705927506734299826e+00 1.570280455281000132e-01 4.319381253955800304e+00 8.018256981260600824e+00 1.403288764696780078e+01 1.988047128896599958e+01 -1.560980000000000034e+00
2.650000000000000000e+02 2.716046235932000119e+00 1.565985948557999941e-01 4.287137030478399780e+00 7.957698998083699848e+00 1.392781195782129977e+01 1.972965381847319932e+01 -1.560980000000000034e+00
2.660000000000000000e+02 2.726164965129799889e+00 1.561683147361999924e-01 4.255262657434999873e+00 7.897829335034200149e+00 1.382390916545820048e+01 1.958053873548229973e+01 -1.560980000000000034e+00
2.670000000000000000e+02 2.736283694327600102e+00 1.557372789876000085e-01 4.223752470809100323e+00 7.838637656141799859e+00 1.372116196263350041e+01 1.943310071256529881e+01 -1.560980000000000034e+00
2.680000000000000000e+02 2.746402423525299952e+00 1.553055588142999988e-01 4.192600914187700312e+00 7.780113816904200341e+00 1.361955335790240085e+01 1.928731488883990153e+01 -1.560980000000000034e+00
2.690000000000000000e+02 2.756521152723100165e+00 1.548732234417999898e-01 4.161802536592600354e+00 7.722247860321400204e+00 1.351906667107849991e+01 1.914315685913820175e+01 -1.560980000000000034e+00
2.700000000000000000e+02 2.766639881920800015e+00 1.544403399278000133e-01 4.131351988799599972e+00 7.665030012786299807e+00 1.341968552502850009e+01 1.900060266427319888e+01 -1.560980000000000034e+00
2.710000000000000000e+02 2.776758611118599784e+00 1.540069730475999987e-01 4.101244022551200352e+00 7.608450679491300050e+00 1.332139383855299997e+01 1.885962878143260113e+01 -1.560980000000000034e+00
2.720000000000000000e+02 2.786877340316399998e+00 1.535731856902000092e-01 4.071473487380499634e+00 7.552500441530200170e+00 1.322417582176059980e+01 1.872021211466210033e+01 -1.560980000000000034e+00
2.730000000000000000e+02 2.796996069514099847e+00 1.531390388546000070e-01 4.042035328634000280e+00 7.497170051293199577e+00 1.312801596859599940e+01 1.858232998523229895e+01 -1.560980000000000034e+00
2.740000000000000000e+02 2.807114798711900061e+00 1.527045916303000073e-01 4.012924585529299648e+00 7.442450429147499769e+00 1.303289905100380075e+01 1.844596012379939864e+01 -1.560980000000000034e+00
2.750000000000000000e+02 2.817233527909699831e+00 1.522699011289999904e-01 3.984136389297499914e+00 7.388332659727500307e+00 1.293881011280040028e+01 1.831108066034899906e+01 -1.560980000000000034e+00
2.760000000000000000e+02 2.827352257107400124e+00 1.518350224764999923e-01 3.955665960892599919e+00 7.334807988064800277e+00 1.284573446337699920e+01 1.817767011620890116e+01 -1.560980000000000034e+00
2.770000000000000000e+02 2.837470986305199894e+00 1.514000097557000046e-01 3.927508608228199805e+00 7.281867817233799833e+00 1.275365767457829946e+01 1.804570739591600059e+01 -1.560980000000000034e+00
2.780000000000000000e+02 2.847589715503000107e+00 1.509649146205999937e-01 3.899659726334800069e+00 7.229503703416200189e+00 1.266256557110460079e+01 1.791517177870990096e+01 -1.560980000000000034e+00
2.790000000000000000e+02 2.857708444700699957e+00 1.505297874729999985e-01 3.872114793307900094e+00 7.177707354060199663e+00 1.257244422870200040e+01 1.778604291095420109e+01 -1.560980000000000034e+00
2.800000000000000000e+02 2.867827173898500170e+00 1.500946770082000059e-01 3.844869369845299811e+00 7.126470623827800388e+00 1.248327996669510043e+01 1.765830079810460163e+01 -1.560980000000000034e+00
2.810000000000000000e+02 2.877945903096299940e+00 1.496596304692000001e-01 3.817919097056400091e+00 7.075785511862999755e+00 1.239505934449669944e+01 1.753192579721070032e+01 -1.560980000000000034e+00
2.820000000000000000e+02 2.888064632293999789e+00 1.492246934779999923e-01 3.791259694422799864e+00 7.025644158635800274e+00 1.230776915515279946e+01 1.740689860971449932e+01 -1.560980000000000034e+00
2.830000000000000000e+02 2.898183361491800003e+00 1.487899103107999943e-01 3.764886959145299805e+00 6.976038842974300103e+00 1.222139642146439975e+01 1.728320027432249972e+01 -1.560980000000000034e+00
2.840000000000000000e+02 2.908302090689600217e+00 1.483553238745999869e-01 3.738796762789299954e+00 6.926961979448700291e+00 1.213592839076360086e+01 1.716081215949400018e+01 -1.560980000000000034e+00
2.850000000000000000e+02 2.918420819887300066e+00 1.479209755736999865e-01 3.712985051506899836e+00 6.878406114853500064e+00 1.205135253053060040e+01 1.703971595725679933e+01 -1.560980000000000034e+00
2.860000000000000000e+02 2.928539549085099836e+00 1.474869054192000095e-01 3.687447843684799942e+00 6.830363926118700135e+00 1.196765652309719918e+01 1.691989367637500052e+01 -1.560980000000000034e+00
2.870000000000000000e+02 2.938658278282900049e+00 1.470531523098000115e-01 3.662181227609000000e+00 6.782828217520100011e+00 1.188482826246580082e+01 1.680132763515110028e+01 -1.560980000000000034e+00
2.880000000000000000e+02 2.948777007480599899e+00 1.466197539335999944e-01 3.637181361570700044e+00 6.735791917872499646e+00 1.180285584959269940e+01 1.668400045616409955e+01 -1.560980000000000034e+00
2.890000000000000000e+02 2.958895736678400112e+00 1.461867465861000082e-01 3.612444471169499849e+00 6.689248078123999797e+00 1.172172758737820075e+01 1.656789505931349993e+01 -1.560980000000000034e+00
2.900000000000000000e+02 2.969014465876199882e+00 1.457541654089999916e-01 3.587966848591800151e+00 6.643189868607899840e+00 1.164143197695350018e+01 1.645299465583969933e+01 -1.560980000000000034e+00
2.910000000000000000e+02 2.979133195073900175e+00 1.453220445443000053e-01 3.563744850430500044e+00 6.597610576811200112e+00 1.156195771466689948e+01 1.633928274255800162e+01 -1.560980000000000034e+00
2.920000000000000000e+02 2.989251924271699945e+00 1.448904167929999931e-01 3.539774898152700189e+00 6.552503605064799785e+00 1.148329368653300087e+01 1.622674309631450029e+01 -1.560980000000000034e+00
2.930000000000000000e+02 2.999370653469500159e+00 1.444593141547000081e-01 3.516053473577299915e+00 6.507862468237499698e+00 1.140542896582570087e+01 1.611535976765939893e+01 -1.560980000000000034e+00
2.940000000000000000e+02 3.009489382667200008e+00 1.440287672735000024e-01 3.492577121142800056e+00 6.463680790929199560e+00 1.132835280806589928e+01 1.600511707593240018e+01 -1.560980000000000034e+00
2.950000000000000000e+02 3.019608111865000222e+00 1.435988059650999960e-01 3.469342444492700128e+00 6.419952305908200429e+00 1.125205464842320069e+01 1.589599960378109955e+01 -1.560980000000000034e+00
2.960000000000000000e+02 3.029726841062799991e+00 1.431694590877000128e-01 3.446346105556799877e+00 6.376670851841500287e+00 1.117652409778870037e+01 1.578799219178329949e+01 -1.560980000000000034e+00
2.970000000000000000e+02 3.039845570260499841e+00 1.427407542956999897e-01 3.423584824002400051e+00 6.333830370514900387e+00 1.110175093876079977e+01 1.568107993319140014e+01 -1.560980000000000034e+00
2.980000000000000000e+02 3.049964299458300054e+00 1.423127186070000105e-01 3.401055375122699953e+00 6.291424906056899857e+00 1.102772512318309950e+01 1.557524816917510080e+01 -1.560980000000000034e+00
2.990000000000000000e+02 3.060083028656099824e+00 1.418853780227999906e-01 3.378754589479600057e+00 6.249448601554299820e+00 1.095443676857419923e+01 1.547048248358800038e+01 -1.560980000000000034e+00
3.000000000000000000e+02 3.070201757853800117e+00 1.414587574613999921e-01 3.356679352018800078e+00 6.207895697626000242e+00 1.088187615357909976e+01 1.536676869894369979e+01 -1.560980000000000034e+00
3.010000000000000000e+02 3.080320487051599887e+00 1.410328813379999879e-01 3.334826599531799829e+00 6.166760531050999639e+00 1.081003371679179992e+01 1.526409287068569931e+01 -1.560980000000000034e+00
3.020000000000000000e+02 3.090439216249400101e+00 1.406077729466999882e-01 3.313193321411100012e+00 6.126037531746000298e+00 1.073890005261189984e+01 1.516244128311040029e+01 -1.560980000000000034e+00
3.030000000000000000e+02 3.100557945447099950e+00 1.401834548025999994e-01 3.291776557204399989e+00 6.085721221947600235e+00 1.066846590770360059e+01 1.506180044512380078e+01 -1.560980000000000034e+00
3.040000000000000000e+02 3.110676674644900164e+00 1.397599490023999913e-01 3.270573396324300219e+00 6.045806214057700245e+00 1.059872217979710030e+01 1.496215708574639969e+01 -1.560980000000000034e+00
3.050000000000000000e+02 3.120795403842699933e+00 1.393372762480999949e-01 3.249580977070300136e+00 6.006287208532800292e+00 1.052965991219019948e+01 1.486349814936910008e+01 -1.560980000000000034e+00
3.060000000000000000e+02 3.130914133040399783e+00 1.389154570976000036e-01 3.228796484992200178e+00 5.967158992725000388e+00 1.046127029366430072e+01 1.476581079228649962e+01 -1.560980000000000034e+00
3.070000000000000000e+02 3.141032862238199996e+00 1.384945108695999905e-01 3.208217153156399881e+00 5.928416438554499734e+00 1.039354465332399968e+01 1.466908237803989934e+01 -1.560980000000000034e+00
3.080000000000000000e+02 3.151151591436000210e+00 1.380744566896000003e-01 3.187840259665899900e+00 5.890054501817299837e+00 1.032647445984880008e+01 1.457330047378090043e+01 -1.560980000000000034e+00
3.090000000000000000e+02 3.161270320633700059e+00 1.376553126121000115e-01 3.167663128225600033e+00 5.852068219662499793e+00 1.026005131755190014e+01 1.447845284646179920e+01 -1.560980000000000034e+00
3.100000000000000000e+02 3.171389049831499829e+00 1.372370961837000025e-01 3.147683126212999838e+00 5.814452709209099623e+00 1.019426696405260024e+01 1.438452745825309975e+01 -1.560980000000000034e+00
3.110000000000000000e+02 3.181507779029300043e+00 1.368198242952000099e-01 3.127897664623299878e+00 5.777203166754199870e+00 1.012911326812169932e+01 1.429151246418060062e+01 -1.560980000000000034e+00
3.120000000000000000e+02 3.191626508226999892e+00 1.364035132820000107e-01 3.108304196241300055e+00 5.740314865160300428e+00 1.006458222719479956e+01 1.419939620695670079e+01 -1.560980000000000034e+00
3.130000000000000000e+02 3.201745237424800106e+00 1.359881786552999960e-01 3.088900215949399897e+00 5.703783152923899813e+00 1.000066596408220043e+01 1.410816721445049993e+01 -1.560980000000000034e+00
3.140000000000000000e+02 3.211863966622599875e+00 1.355738356139999934e-01 3.069683258983399998e+00 5.667603453178299944e+00 9.937356726204299662e+00 1.401781419589510058e+01 -1.560980000000000034e+00
3.150000000000000000e+02 3.221982695820300169e+00 1.351604985794999936e-01 3.050650900959800182e+00 5.631771261354500346e+00 9.874646881337300286e+00 1.392832603866390073e+01 -1.560980000000000034e+00
3.160000000000000000e+02 3.232101425018099938e+00 1.347481815060999899e-01 3.031800756114999995e+00 5.596282144584700191e+00 9.812528917019999852e+00 1.383969180406110056e+01 -1.560980000000000034e+00
3.170000000000000000e+02 3.242220154215900152e+00 1.343368978164000138e-01 3.013130477635599824e+00 5.561131740083300024e+00 9.750995437505499908e+00 1.375190072558019949e+01 -1.560980000000000034e+00
3.180000000000000000e+02 3.252338883413600001e+00 1.339266602972999931e-01 2.994637756083100122e+00 5.526315753394800190e+00 9.690039161360699538e+00 1.366494220414909933e+01 -1.560980000000000034e+00
3.190000000000000000e+02 3.262457612611400215e+00 1.335174813679000094e-01 2.976320318932299980e+00 5.491829958148000124e+00 9.629652920358900303e+00 1.357880580610219923e+01 -1.560980000000000034e+00
3.200000000000000000e+02 3.272576341809199985e+00 1.331093728498999873e-01 2.958175930138700060e+00 5.457670193716800178e+00 9.569829656117299521e+00 1.349348125960690048e+01 -1.560980000000000034e+00
3.210000000000000000e+02 3.282695071006899834e+00 1.327023461926999937e-01 2.940202389283399942e+00 5.423832364719199717e+00 9.510562419374400278e+00 1.340895845189020008e+01 -1.560980000000000034e+00
3.220000000000000000e+02 3.292813800204700048e+00 1.322964122314000124e-01 2.922397530560099987e+00 5.390312439295399827e+00 9.451844366860200353e+00 1.332522742614630040e+01 -1.560980000000000034e+00
3.230000000000000000e+02 3.302932529402499817e+00 1.318915814102999962e-01 2.904759222612200098e+00 5.357106448347099814e+00 9.393668759870600127e+00 1.324227837860160051e+01 -1.560980000000000034e+00
3.240000000000000000e+02 3.313051258600200111e+00 1.314878637432999875e-01 2.887285367696600158e+00 5.324210484127799958e+00 9.336028962526299324e+00 1.316010165604680004e+01 -1.560980000000000034e+00
3.250000000000000000e+02 3.323169987797999880e+00 1.310852688681000133e-01 2.869973901050700160e+00 5.291620699335600086e+00 9.278918439749700653e+00 1.307868775296300079e+01 -1.560980000000000034e+00
3.260000000000000000e+02 3.333288716995800094e+00 1.306838057906999917e-01 2.852822790100499883e+00 5.259333305558000049e+00 9.222330754754100468e+00 1.299802730856920086e+01 -1.560980000000000034e+00
3.270000000000000000e+02 3.343407446193499943e+00 1.302834833488999977e-01 2.835830034234700037e+00 5.227344572842399728e+00 9.166259568754499654e+00 1.291811110436730026e+01 -1.560980000000000034e+00
3.280000000000000000e+02 3.353526175391300157e+00 1.298843099274999968e-01 2.818993663476800027e+00 5.195650828191999970e+00 9.110698638211399469e+00 1.283893006168290007e+01 -1.560980000000000034e+00
3.290000000000000000e+02 3.363644904589099927e+00 1.294862934991999892e-01 2.802311739196599927e+00 5.164248454504500430e+00 9.055641812781999533e+00 1.276047523906870040e+01 -1.560980000000000034e+00
3.300000000000000000e+02 3.373763633786800220e+00 1.290894415247000049e-01 2.785782352496199987e+00 5.133133889755399970e+00 9.001083034268500427e+00 1.268273782978019959e+01 -1.560980000000000034e+00
3.310000000000000000e+02 3.383882362984599990e+00 1.286937614435000043e-01 2.769403623672999970e+00 5.102303626006100323e+00 8.947016335349399441e+00 1.260570915942929915e+01 -1.560980000000000034e+00
3.320000000000000000e+02 3.394001092182299839e+00 1.282992599297000103e-01 2.753173702083799856e+00 5.071754208160800026e+00 8.893435836764599145e+00 1.252938068341619982e+01 -1.560980000000000034e+00
3.330000000000000000e+02 3.404119821380100053e+00 1.279059435583000115e-01 2.737090765668900083e+00 5.041482233369100285e+00 8.840335746729000022e+00 1.245374398490299939e+01 -1.560980000000000034e+00
3.340000000000000000e+02 3.414238550577899822e+00 1.275138186560000053e-01 2.721153020019699831e+00 5.011484350020199763e+00 8.787710359620799494e+00 1.237879077251579929e+01 -1.560980000000000034e+00
3.350000000000000000e+02 3.424357279775600116e+00 1.271228909331000023e-01 2.705358698235500015e+00 4.981757256454099725e+00 8.735554052783299994e+00 1.230451287788000059e+01 -1.560980000000000034e+00
3.360000000000000000e+02 3.434476008973399885e+00 1.267331660960999973e-01 2.689706059961999962e+00 4.952297700636200339e+00 8.683861287384200267e+00 1.223090225352600058e+01 -1.560980000000000034e+00
3.370000000000000000e+02 3.444594738171200099e+00 1.263446492855999914e-01 2.674193391799799979e+00 4.923102478723600406e+00 8.632626604914699797e+00 1.215795097102670042e+01 -1.560980000000000034e+00
3.380000000000000000e+02 3.454713467368899948e+00 1.259573455051999913e-01 2.658819005599200036e+00 4.894168434718300098e+00 8.581844627158300653e+00 1.208565121853770030e+01 -1.560980000000000034e+00
3.390000000000000000e+02 3.464832196566700162e+00 1.255712594869000109e-01 2.643581239100900149e+00 4.865492459357899868e+00 8.531510054342900773e+00 1.201399529890380080e+01 -1.560980000000000034e+00
3.400000000000000000e+02 3.474950925764499932e+00 1.251863954655000055e-01 2.628478454901900019e+00 4.837071489014600267e+00 8.481617663038500510e+00 1.194297562771309984e+01 -1.560980000000000034e+00
3.410000000000000000e+02 3.485069654962199781e+00 1.248027576884999934e-01 2.613509040001900097e+00 4.808902505626599932e+00 8.432162306409699326e+00 1.187258473130889946e+01 -1.560980000000000034e+00
3.420000000000000000e+02 3.495188384159999995e+00 1.244203499163999971e-01 2.598671405700000214e+00 4.780982535184500115e+00 8.383138911253400494e+00 1.180281524464809983e+01 -1.560980000000000034e+00
3.430000000000000000e+02 3.505307113357800208e+00 1.240391758405000044e-01 2.583963987003199847e+00 4.753308647518100116e+00 8.334542478095700702e+00 1.173365991011760023e+01 -1.560980000000000034e+00
3.440000000000000000e+02 3.515425842555500058e+00 1.236592387416999977e-01 2.569385241735500092e+00 4.725877954901499756e+00 8.286368078740299126e+00 1.166511157443309976e+01 -1.560980000000000034e+00
3.450000000000000000e+02 3.525544571753299827e+00 1.232805417359000011e-01 2.554933650866800132e+00 4.698687611925300267e+00 8.238610856083200318e+00 1.159716318799100065e+01 -1.560980000000000034e+00
3.460000000000000000e+02 3.535663300951100041e+00 1.229030876499000030e-01 2.540607717906799845e+00 4.671734814408999625e+00 8.191266021943400588e+00 1.152980780279090034e+01 -1.560980000000000034e+00
3.470000000000000000e+02 3.545782030148799890e+00 1.225268791649000016e-01 2.526405968092300114e+00 4.645016798918899958e+00 8.144328856751199552e+00 1.146303857017599981e+01 -1.560980000000000034e+00
3.480000000000000000e+02 3.555900759346600104e+00 1.221519186153999931e-01 2.512326948468500021e+00 4.618530841729399761e+00 8.097794707633600098e+00 1.139684873986059976e+01 -1.560980000000000034e+00
3.490000000000000000e+02 3.566019488544399874e+00 1.217782083098999935e-01 2.498369227478300036e+00 4.592274258644700069e+00 8.051658988292700769e+00 1.133123165779250030e+01 -1.560980000000000034e+00
3.500000000000000000e+02 3.576138217742100167e+00 1.214057502061000049e-01 2.484531394151300088e+00 4.566244403832100396e+00 8.005917176571799132e+00 1.126618076467240037e+01 -1.560980000000000034e+00
1.000000000000000000e+00 3.576138217742100167e+00 1.214056997174000063e-01 2.484531242231299952e+00 4.566244250903999990e+00 8.005917067290699407e+00 1.126618051716470070e+01 -1.560980000000000034e+00
2.000000000000000000e+00 3.733909021465999789e+00 1.157611500070000049e-01 2.283278585881100220e+00 4.187835630477800386e+00 7.340448966425899613e+00 1.032048398723440030e+01 -1.560980000000000034e+00
3.000000000000000000e+00 3.891679825189899855e+00 1.104221617033999958e-01 2.106224162108599973e+00 3.855249204651300055e+00 6.754817941199900311e+00 9.489355394512600128e+00 -1.560980000000000034e+00
4.000000000000000000e+00 4.049450628913899841e+00 1.053828385428999953e-01 1.949584173703700074e+00 3.561354139471000213e+00 6.236769465228100273e+00 8.755063431058099255e+00 -1.560980000000000034e+00
5.000000000000000000e+00 4.207221432637799907e+00 1.006326596202000018e-01 1.810290172897899952e+00 3.300352507666199919e+00 5.776306460302800261e+00 8.103165698376699311e+00 -1.560980000000000034e+00
6.000000000000000000e+00 4.364992236361699973e+00 9.615843565480000632e-02 1.685832664589300034e+00 3.067492038100199991e+00 5.365209332996600189e+00 7.521805437859799603e+00 -1.560980000000000034e+00
7.000000000000000000e+00 4.522763040085600039e+00 9.194559968380000559e-02 1.574143109327299950e+00 2.858848311196399816e+00 4.996670759168999609e+00 7.001177162400799681e+00 -1.560980000000000034e+00
8.000000000000000000e+00 4.680533843809500105e+00 8.797905580989999474e-02 1.473503958269700043e+00 2.671157935264900196e+00 4.665014934529800428e+00 6.533116476851399845e+00 -1.560980000000000034e+00
9.000000000000000000e+00 4.838304647533400171e+00 8.424372893659999584e-02 1.382479375133899957e+00 2.501689545562499895e+00 4.365479707851299906e+00 6.110782230183700037e+00 -1.560980000000000034e+00
1.000000000000000000e+01 4.996075451257399713e+00 8.072491622100000375e-02 1.299861393923100072e+00 2.348143173521799909e+00 4.094046029251200203e+00 5.728408043021300244e+00 -1.560980000000000034e+00
1.100000000000000000e+01 5.153846254981299779e+00 7.740850136870000564e-02 1.224627711460100077e+00 2.208571086577499898e+00 3.847303336302799970e+00 5.381106464717100302e+00 -1.560980000000000034e+00
1.200000000000000000e+01 5.311617058705199845e+00 7.428107900890000559e-02 1.155908332101599933e+00 2.081315039890899943e+00 3.622342497024400032e+00 5.064713426640100380e+00 -1.560980000000000034e+00
1.300000000000000000e+01 5.469387862429099911e+00 7.133001596370000530e-02 1.092959009138299908e+00 1.964956165818100065e+00 3.416670051294099952e+00 4.775663806015599810e+00 -1.560980000000000034e+00
1.400000000000000000e+01 5.627158666152999977e+00 6.854347314450000284e-02 1.035139937110699959e+00 1.858274685267599979e+00 3.228139057862600136e+00 4.510891200006099666e+00 -1.560980000000000034e+00
1.500000000000000000e+01 5.784929469876900043e+00 6.591039916150000233e-02 9.818985554486000522e-01 1.760217302917600035e+00 3.054892971233800214e+00 4.267746690445600066e+00 -1.560980000000000034e+00
1.600000000000000000e+01 5.942700273600899585e+00 6.342050766060000622e-02 9.327555676854000222e-01 1.669870658860499901e+00 2.895319825954099979e+00 4.043932598072900397e+00 -1.560980000000000034e+00
1.700000000000000000e+01 6.100471077324799651e+00 6.106424346360000283e-02 8.872935176191000251e-01 1.586439588241500109e+00 2.748014621336199781e+00 3.837448158438200085e+00 -1.560980000000000034e+00
1.800000000000000000e+01 6.258241881048699717e+00 5.883274320990000000e-02 8.451473917798000279e-01 1.509229217279500102e+00 2.611748276087700216e+00 3.646544728671400115e+00 -1.560980000000000034e+00
1.900000000000000000e+01 6.416012684772599783e+00 5.671779239270000050e-02 8.059968568929000154e-01 1.437630144819300071e+00 2.485441872658399998e+00 3.469688671417700210e+00 -1.560980000000000034e+00
2.000000000000000000e+01 6.573783488496499849e+00 5.471178214149999969e-02 7.695598066165999507e-01 1.371106115436000028e+00 2.368145190387299870e+00 3.305530445111799942e+00 -1.560980000000000034e+00
2.100000000000000000e+01 6.731554292220399915e+00 5.280766631619999985e-02 7.355869757223999494e-01 1.309183717575000072e+00 2.259018730137199782e+00 3.152878748481399818e+00 -1.560980000000000034e+00
2.200000000000000000e+01 6.889325095944400346e+00 5.099892019829999762e-02 7.038574217956999890e-01 1.251443735361899900e+00 2.157318597736599841e+00 3.010678795909300209e+00 -1.560980000000000034e+00
2.300000000000000000e+01 7.047095899668300412e+00 4.927950080560000029e-02 6.741747200700000109e-01 1.197513858251900043e+00 2.062383737500800063e+00 2.877993989564699984e+00 -1.560980000000000034e+00
2.400000000000000000e+01 7.204866703392199589e+00 4.764380968609999850e-02 6.463637429067999873e-01 1.147062508532399994e+00 1.973625109708299963e+00 2.753990392770400142e+00 -1.560980000000000034e+00
2.500000000000000000e+01 7.362637507116099655e+00 4.608665832060000050e-02 6.202679260423999974e-01 1.099793598862200072e+00 1.890516480958400081e+00 2.637923530894399793e+00 -1.560980000000000034e+00
2.600000000000000000e+01 7.520408310839999722e+00 4.460323566800000056e-02 5.957469364419000213e-01 1.055442058741399958e+00 1.812586558268800108e+00 2.529127125612700144e+00 -1.560980000000000034e+00
2.700000000000000000e+01 7.678179114563899788e+00 4.318907824959999919e-02 5.726746775283000357e-01 1.013770006765899900e+00 1.739412247688699953e+00 2.427003448963700016e+00 -1.560980000000000034e+00
2.800000000000000000e+01 7.835949918287900218e+00 4.184004222680000329e-02 5.509375753156999789e-01 9.745634618445999653e-01 1.670612857385600059e+00 2.331015034671600095e+00 -1.560980000000000034e+00
2.900000000000000000e+01 7.993720722011800284e+00 4.055227851379999970e-02 5.304331027187000336e-01 9.376295126429999849e-01 1.605845099675899945e+00 2.240677535959199940e+00 -1.560980000000000034e+00
3.000000000000000000e+01 8.151491525735700350e+00 3.932220893539999790e-02 5.110685038976999772e-01 9.027938677821000235e-01 1.544798763816499942e+00 2.155553549827700088e+00 -1.560980000000000034e+00
3.100000000000000000e+01 8.309262329459599528e+00 3.814650510360000080e-02 4.927596871657999866e-01 8.698987342827999569e-01 1.487192964045999988e+00 2.075247261584200142e+00 -1.560980000000000034e+00
3.200000000000000000e+01 8.467033133183500482e+00 3.702206852269999959e-02 4.754302640481999909e-01 8.388009725242999703e-01 1.432772872535200026e+00 1.999399789296399943e+00 -1.560980000000000034e+00
3.300000000000000000e+01 8.624803936907399660e+00 3.594601263230000343e-02 4.590107099899999876e-01 8.093704877433000044e-01 1.381306870426999955e+00 1.927685124320899890e+00 -1.560980000000000034e+00
3.400000000000000000e+01 8.782574740631400090e+00 3.491564659129999665e-02 4.434376299812999855e-01 7.814888243575000004e-01 1.332584056183000021e+00 1.859806581340099907e+00 -1.560980000000000034e+00
3.500000000000000000e+01 8.940345544355299268e+00 3.392845948690000057e-02 4.286531176682999988e-01 7.550479338439000099e-01 1.286412057244100016e+00 1.795493690390600028e+00 -1.560980000000000034e+00
1.000000000000000000e+00 8.940345544355299268e+00 3.392844668520000190e-02 4.286530721112999931e-01 7.550478687060000471e-01 1.286412015071499937e+00 1.795493597375400041e+00 -1.560980000000000034e+00
2.000000000000000000e+00 1.229297512348849963e+01 1.996142940719999870e-02 2.332912028497000079e-01 4.084788715284999872e-01 6.853153538820000445e-01 9.590139823858999657e-01 -1.560980000000000034e+00
3.000000000000000000e+00 1.564560470262179948e+01 1.311133831429999938e-02 1.467062048761000048e-01 2.565804709105000136e-01 4.256380525696999984e-01 5.975725845996999741e-01 -1.560980000000000034e+00
4.000000000000000000e+00 1.899823428175499984e+01 9.260714507100000631e-03 1.007638576327000018e-01 1.763239252974999893e-01 2.900544402751999984e-01 4.084582537761000109e-01 -1.560980000000000034e+00
5.000000000000000000e+00 2.235086386088820021e+01 6.885576834500000375e-03 7.347031296759999608e-02 1.287016846440000029e-01 2.103616330954999891e-01 2.970081372105999873e-01 -1.560980000000000034e+00
1.000000000000000000e+00 2.235086386088820021e+01 6.885452674700000102e-03 7.346985115449999881e-02 1.287007635954000029e-01 2.103610410202000069e-01 2.970067597293999939e-01 -1.560980000000000034e+00
2.000000000000000000e+00 2.714033468822140094e+01 4.806529203500000194e-03 5.029365386719999997e-02 8.825139770550000096e-02 1.432623632488000120e-01 2.028813064961000057e-01 -1.560980000000000034e+00
3.000000000000000000e+00 3.192980551555460167e+01 3.544067220700000079e-03 3.657797092839999709e-02 6.428511656810000086e-02 1.038317410018999992e-01 1.473856572887999872e-01 -1.560980000000000034e+00
4.000000000000000000e+00 3.671927634288780240e+01 2.720592491700000136e-03 2.779447983990000065e-02 4.891507981079999678e-02 7.870241244600000019e-02 1.119206397012000032e-01 -1.560980000000000034e+00
5.000000000000000000e+00 4.150874717022099958e+01 2.153938148499999830e-03 2.183311051629999860e-02 3.846867856140000208e-02 6.170697802760000128e-02 8.788057855700000254e-02 -1.560980000000000034e+00
6.000000000000000000e+00 4.629821799755419676e+01 1.747464003600000077e-03 1.760256876700000070e-02 3.104567898640000004e-02 4.967809095490000049e-02 7.083380843929999726e-02 -1.560980000000000034e+00
7.000000000000000000e+00 5.108768882488740104e+01 1.446041673099999906e-03 1.449230195429999923e-02 2.558199857099999891e-02 4.085293845589999667e-02 5.830768386500000122e-02 -1.560980000000000034e+00
8.000000000000000000e+00 5.587715965222049874e+01 1.216361830600000025e-03 1.213904125029999920e-02 2.144385283459999958e-02 3.418689144300000177e-02 4.883368409759999973e-02 -1.560980000000000034e+00
9.000000000000000000e+00 6.066663047955370303e+01 1.037348257099999930e-03 1.031566118949999930e-02 1.823455593530000016e-02 2.902891072259999872e-02 4.149480214020000168e-02 -1.560980000000000034e+00
1.000000000000000000e+01 6.545610130688689310e+01 8.951250239999999914e-04 8.874245464700000058e-03 1.569548546969999972e-02 2.495609631890000069e-02 3.569435691230000290e-02 -1.560980000000000034e+00
1.100000000000000000e+01 7.024557213422009738e+01 7.802614731999999928e-04 7.715107953599999874e-03 1.365217215150000066e-02 2.168405008869999859e-02 3.103048138479999954e-02 -1.560980000000000034e+00
1.200000000000000000e+01 7.503504296155330167e+01 6.861655723000000071e-04 6.769081651299999752e-03 1.198344742559999919e-02 1.901579828680000084e-02 2.722447521759999850e-02 -1.560980000000000034e+00
1.300000000000000000e+01 7.982451378888650595e+01 6.081170783999999578e-04 5.986955185700000050e-03 1.060302746820000058e-02 1.681141486419999997e-02 2.407812331999999861e-02 -1.560980000000000034e+00
1.400000000000000000e+01 8.461398461621969602e+01 5.426644349999999901e-04 5.332945032700000219e-03 9.448120218000000820e-03 1.496928158100000079e-02 2.144732851539999860e-02 -1.560980000000000034e+00
1.500000000000000000e+01 8.940345544355290031e+01 4.872363630000000083e-04 4.780524567399999786e-03 8.472143966100000034e-03 1.341415894359999916e-02 1.922529921639999986e-02 -1.560980000000000034e+00
