1.000000000000000000e+00 3.973552037639999784e-02 1.856368116799894551e+03 1.920451938698051890e+04 3.438414539997460815e+04 5.390082192814358132e+04 7.775452720412415511e+04 -1.560980000000000034e+00
2.000000000000000000e+00 4.873009375670000337e-02 1.176800414424552173e+03 1.271177166070996100e+04 2.280485737096394223e+04 3.578171415502565651e+04 5.164229356342615210e+04 -1.560980000000000034e+00
3.000000000000000000e+00 5.772466713700000196e-02 7.903318435079451092e+02 9.010640704296307376e+03 1.620338366594981562e+04 2.545125843095428718e+04 3.675417142089010304e+04 -1.560980000000000034e+00
4.000000000000000000e+00 6.671924051739999695e-02 5.503602249277456622e+02 6.703670603780725287e+03 1.208776955727519453e+04 1.901029137475488096e+04 2.747107274281770515e+04 -1.560980000000000034e+00
5.000000000000000000e+00 7.571381389770000248e-02 3.917312238786067837e+02 5.169892038222849806e+03 9.350705745902883791e+03 1.472621370093076621e+04 2.129615184237516951e+04 -1.560980000000000034e+00
6.000000000000000000e+00 8.470838727799999412e-02 2.818988155017809731e+02 4.099215401386811209e+03 7.439250138616602271e+03 1.173384864928212301e+04 1.698260874925973985e+04 -1.560980000000000034e+00
7.000000000000000000e+00 9.370296065829999965e-02 2.031288572182309053e+02 3.322768093629729719e+03 6.052282225100209871e+03 9.562046722105098524e+03 1.385147784551222867e+04 -1.560980000000000034e+00
8.000000000000000000e+00 1.026975340386999946e-01 1.450836542701756002e+02 2.742197313734970066e+03 5.014434388539036263e+03 7.936424926229137782e+03 1.150735470126185101e+04 -1.560980000000000034e+00
9.000000000000000000e+00 1.116921074190000002e-01 1.014023995075737048e+02 2.297066956890315851e+03 4.217953265073794682e+03 6.688396587897888821e+03 9.707298546618225373e+03 -1.560980000000000034e+00
1.000000000000000000e+01 1.206866807993000057e-01 6.799357055727790566e+01 1.948575374824068831e+03 3.593664744835175952e+03 5.709739837825793984e+03 8.295360652149780435e+03 -1.560980000000000034e+00
1.100000000000000000e+01 1.296812541795999973e-01 4.212554343708099935e+01 1.670883061091598847e+03 3.095509129030380791e+03 4.928399438035650746e+03 7.167712144572636134e+03 -1.560980000000000034e+00
1.200000000000000000e+01 1.386758275599999923e-01 2.191585647967519890e+01 1.446241117762558815e+03 2.691853918537829031e+03 4.294893650896588952e+03 6.253054787407574622e+03 -1.560980000000000034e+00
1.300000000000000000e+01 1.476704009403000117e-01 6.031251681092900441e+00 1.262129481479975084e+03 2.360390457540269836e+03 3.774328830436651060e+03 5.501113078205793499e+03 -1.560980000000000034e+00
1.400000000000000000e+01 1.566649743206000034e-01 -6.495346989455599740e+00 1.109510309457285302e+03 2.085019169619934928e+03 3.341525619342539358e+03 4.875610501348040998e+03 -1.560980000000000034e+00
1.500000000000000000e+01 1.656595477008999950e-01 -1.638025377680769878e+01 9.817261967521310453e+02 1.853884691466724007e+03 2.977944438095223177e+03 4.349838759750849022e+03 -1.560980000000000034e+00
1.600000000000000000e+01 1.746541210812999900e-01 -2.416394279400670086e+01 8.737848331999286984e+02 1.658100134471388628e+03 2.669689293622799596e+03 3.903780989583154224e+03 -1.560980000000000034e+00
1.700000000000000000e+01 1.836486944616000094e-01 -3.026093978667670115e+01 7.818826078864570945e+02 1.490897467710944056e+03 2.406178374857096969e+03 3.522195897589548167e+03 -1.560980000000000034e+00
1.800000000000000000e+01 1.926432678419000011e-01 -3.499381306106530332e+01 7.030801039844014895e+02 1.347048776010446545e+03 2.179238516053844251e+03 3.193312748217809258e+03 -1.560980000000000034e+00
1.900000000000000000e+01 2.016378412221999927e-01 -3.861681292551759981e+01 6.350765453324490863e+02 1.222463994452321685e+03 1.982475816197993254e+03 2.907924332663234964e+03 -1.560980000000000034e+00
2.000000000000000000e+01 2.106324146025999877e-01 -4.133262275827569709e+01 5.760501444001303071e+02 1.113906179375270085e+03 1.810830185661998485e+03 2.658745007670743689e+03 -1.560980000000000034e+00
2.100000000000000000e+01 2.196269879829000071e-01 -4.330443438728949701e+01 5.245432193319302314e+02 1.018786631354966175e+03 1.660254850573558997e+03 2.439948821427085477e+03 -1.560980000000000034e+00
2.200000000000000000e+01 2.286215613631999988e-01 -4.466479194662459662e+01 4.793782762159551112e+02 9.350152532270801657e+02 1.527482292162343811e+03 2.246832210290814146e+03 -1.560980000000000034e+00
2.300000000000000000e+01 2.376161347434999904e-01 -4.552216497614620039e+01 4.395958640243202922e+02 8.608897470927824997e+02 1.409850962450715770e+03 2.075564288280591427e+03 -1.560980000000000034e+00
2.400000000000000000e+01 2.466107081239000132e-01 -4.596590132888489677e+01 4.044079689365128161e+02 7.950125338212079669e+02 1.305175378911337702e+03 1.922999657024702628e+03 -1.560980000000000034e+00
2.500000000000000000e+01 2.556052815041999771e-01 -4.607000724245560264e+01 3.731626541634482237e+02 7.362277353513358094e+02 1.211647610815068674e+03 1.786536459239382566e+03 -1.560980000000000034e+00
2.600000000000000000e+01 2.645998548844999965e-01 -4.589606727451199930e+01 3.453169419484602258e+02 6.835728619774058643e+02 1.127761771409727544e+03 1.664007590512218940e+03 -1.560980000000000034e+00
2.700000000000000000e+01 2.735944282648000159e-01 -4.549552536837410344e+01 3.204158081810950875e+02 6.362414052774273614e+02 1.052255569512713919e+03 1.553596499005901023e+03 -1.560980000000000034e+00
2.800000000000000000e+01 2.825890016452000109e-01 -4.491148537917649719e+01 2.980757602826590755e+02 5.935536079683745356e+02 9.840646506985466431e+02 1.453771417462641693e+03 -1.560980000000000034e+00
2.900000000000000000e+01 2.915835750254999748e-01 -4.418014668111150201e+01 2.779718871590710023e+02 5.549334271622957431e+02 9.222866223655831845e+02 1.363233553221252578e+03 -1.560980000000000034e+00
3.000000000000000000e+01 3.005781484057999942e-01 -4.333195902800879651e+01 2.598275643628285820e+02 5.198902335712078866e+02 8.661524830889752593e+02 1.280875948445244603e+03 -1.560980000000000034e+00
3.100000000000000000e+01 3.095727217861000136e-01 -4.239255959149460296e+01 2.434062083515431141e+02 4.880041644292131195e+02 8.150037620211113563e+02 1.205750569480883769e+03 -1.560980000000000034e+00
3.200000000000000000e+01 3.185672951665000086e-01 -4.138353922854560096e+01 2.285046251613792947e+02 4.589143187357908005e+02 7.682740991300754558e+02 1.137041795303924800e+03 -1.560980000000000034e+00
3.300000000000000000e+01 3.275618685467999724e-01 -4.032307357572999962e+01 2.149476098679095912e+02 4.323091809920429114e+02 7.254743058843802146e+02 1.074044920931933120e+03 -1.560980000000000034e+00
3.400000000000000000e+01 3.365564419270999919e-01 -3.922644627031949938e+01 2.025835340795362072e+02 4.079188050069278120e+02 6.861801739636022148e+02 1.016148619582689435e+03 -1.560980000000000034e+00
3.500000000000000000e+01 3.455510153074000113e-01 -3.810648531390400251e+01 1.912807200593886137e+02 3.855083975403234149e+02 6.500224686191409091e+02 9.628205517748723423e+02 -1.560980000000000034e+00
3.600000000000000000e+01 3.545455886878000062e-01 -3.697392900627030343e+01 1.809244446531249935e+02 3.648730224437055085e+02 6.166786699784571510e+02 9.135954918394598963e+02 -1.560980000000000034e+00
3.700000000000000000e+01 3.635401620681000256e-01 -3.583773424778709682e+01 1.714144510584910108e+02 3.458332073583807187e+02 5.858661219784238483e+02 8.680654810979966669e+02 -1.560980000000000034e+00
3.800000000000000000e+01 3.725347354483999895e-01 -3.470533745946290338e+01 1.626628722519619998e+02 3.282312815629630904e+02 5.573363210387642539e+02 8.258716217127599748e+02 -1.560980000000000034e+00
3.900000000000000000e+01 3.815293088287000089e-01 -3.358287623153940160e+01 1.545924901552677966e+02 3.119283094473706228e+02 5.308701328668742008e+02 7.866972063449674124e+02 -1.560980000000000034e+00
4.000000000000000000e+01 3.905238822091000039e-01 -3.247537822391319651e+01 1.471352699419111048e+02 2.968015116820604931e+02 5.062737690867214724e+02 7.502619409058636393e+02 -1.560980000000000034e+00
4.100000000000000000e+01 3.995184555894000233e-01 -3.138692264055260139e+01 1.402311209742890128e+02 2.827420877391202225e+02 4.833753889468192142e+02 7.163170662776925610e+02 -1.560980000000000034e+00
4.200000000000000000e+01 4.085130289696999872e-01 -3.032077858938189863e+01 1.338268454533076977e+02 2.696533701810008097e+02 4.620222175866052226e+02 6.846412228426388538e+02 -1.560980000000000034e+00
4.300000000000000000e+01 4.175076023500000066e-01 -2.927952387157390035e+01 1.278752429297317974e+02 2.574492545067042784e+02 4.420780933504485120e+02 6.550369315342239815e+02 -1.560980000000000034e+00
4.400000000000000000e+01 4.265021757304000016e-01 -2.826514716710140007e+01 1.223343451696680972e+02 2.460528587188285883e+02 4.234213726251275034e+02 6.273275887160032198e+02 -1.560980000000000034e+00
4.500000000000000000e+01 4.354967491107000210e-01 -2.727913599379040122e+01 1.171667601328315982e+02 2.353953752741020082e+02 4.059431342768646118e+02 6.013548911453783603e+02 -1.560980000000000034e+00
4.600000000000000000e+01 4.444913224909999849e-01 -2.632255257059929932e+01 1.123391078846130000e+02 2.254150846881180996e+02 3.895456355974841927e+02 5.769766222311972115e+02 -1.560980000000000034e+00
4.700000000000000000e+01 4.534858958713000043e-01 -2.539609921998319919e+01 1.078215340631838046e+02 2.160565054843802955e+02 3.741409806566479119e+02 5.540647429399614339e+02 -1.560980000000000034e+00
4.800000000000000000e+01 4.624804692516999993e-01 -2.450017479472310100e+01 1.035872892188647967e+02 2.072696595701526121e+02 3.596499683692454141e+02 5.325037405435327855e+02 -1.560980000000000034e+00
4.900000000000000000e+01 4.714750426320000187e-01 -2.363492339462939995e+01 9.961236397961050670e+01 1.990094355837460967e+02 3.460010931249831856e+02 5.121891962530289675e+02 -1.560980000000000034e+00
5.000000000000000000e+01 4.804696160122999826e-01 -2.280027635023530053e+01 9.587517201930170074e+01 1.912350357281324875e+02 3.331296756421106124e+02 4.930265393472100754e+02 -1.560980000000000034e+00
5.100000000000000000e+01 4.894641893926999776e-01 -2.199598844406899900e+01 9.235627379275520354e+01 1.839094939137528968e+02 3.209771049234030897e+02 4.749299606166458716e+02 -1.560980000000000034e+00
5.200000000000000000e+01 4.984587627729999970e-01 -2.122166910455949917e+01 8.903813530162689460e+01 1.769992550089635017e+02 3.094901755741275906e+02 4.578214623861061909e+02 -1.560980000000000034e+00
5.300000000000000000e+01 5.074533361533000164e-01 -2.047680924262170166e+01 8.590491701513440148e+01 1.704738065782943011e+02 2.986205070871425846e+02 4.416300258861746784e+02 -1.560980000000000034e+00
5.400000000000000000e+01 5.164479095335999803e-01 -1.976080431027600071e+01 8.294228873671349334e+01 1.643053558418451132e+02 2.883240338177158719e+02 4.262908797832392906e+02 -1.560980000000000034e+00
5.500000000000000000e+01 5.254424829139999753e-01 -1.907297408624220125e+01 8.013726692786700312e+01 1.584685456910841879e+02 2.785605559712677746e+02 4.117448561169628078e+02 -1.560980000000000034e+00
5.600000000000000000e+01 5.344370562943000502e-01 -1.841257960586759879e+01 7.747807155296369785e+01 1.529402044923218966e+02 2.692933435853623223e+02 3.979378219577378104e+02 -1.560980000000000034e+00
5.700000000000000000e+01 5.434316296746000141e-01 -1.777883761862619849e+01 7.495399975338280285e+01 1.476991252285538110e+02 2.604887864381465192e+02 3.848201768198460968e+02 -1.560980000000000034e+00
5.800000000000000000e+01 5.524262030548999780e-01 -1.717093290344629963e+01 7.255531427756059770e+01 1.427258701328310906e+02 2.521160840089009127e+02 3.723464073253460924e+02 -1.560980000000000034e+00
5.900000000000000000e+01 5.614207764352999730e-01 -1.658802870587370037e+01 7.027314472789259980e+01 1.380025975469442869e+02 2.441469703893035046e+02 3.604746918024886781e+02 -1.560980000000000034e+00
6.000000000000000000e+01 5.704153498156000479e-01 -1.602927558203100133e+01 6.809939998851000098e+01 1.335129081824406967e+02 2.365554696745851118e+02 3.491665485677498850e+02 -1.560980000000000034e+00
6.100000000000000000e+01 5.794099231959000118e-01 -1.549381882574489921e+01 6.602669049669650292e+01 1.292417083547638867e+02 2.293176781936001021e+02 3.383865224819332980e+02 -1.560980000000000034e+00
6.200000000000000000e+01 5.884044965761999757e-01 -1.498080468314010005e+01 6.404825907802819529e+01 1.251750880986244994e+02 2.224115702262639900e+02 3.281019050856568242e+02 -1.560980000000000034e+00
6.300000000000000000e+01 5.973990699565999707e-01 -1.448938553569309917e+01 6.215791934752839865e+01 1.213002123455593022e+02 2.158168243739739864e+02 3.182824843370689223e+02 -1.560980000000000034e+00
6.400000000000000000e+01 6.063936433369000456e-01 -1.401872415749680023e+01 6.035000075694169652e+01 1.176052236075565958e+02 2.095146681994818891e+02 3.089003203949084195e+02 -1.560980000000000034e+00
6.500000000000000000e+01 6.153882167172000095e-01 -1.356799720798569986e+01 5.861929948372460331e+01 1.140791547803772943e+02 2.034877389549137092e+02 2.999295444295780158e+02 -1.560980000000000034e+00
6.600000000000000000e+01 6.243827900974999734e-01 -1.313639804922049947e+01 5.696103449220999693e+01 1.107118508992806056e+02 1.977199585315630941e+02 2.913461778095032741e+02 -1.560980000000000034e+00
6.700000000000000000e+01 6.333773634778999684e-01 -1.272313898349239913e+01 5.537080814643640281e+01 1.074938988018888040e+02 1.921964210594667861e+02 2.831279693443249244e+02 -1.560980000000000034e+00
6.800000000000000000e+01 6.423719368582000433e-01 -1.232745300049169934e+01 5.384457088233850186e+01 1.044165637983247024e+02 1.869032917030438057e+02 2.752542485619907211e+02 -1.560980000000000034e+00
6.900000000000000000e+01 6.513665102385000072e-01 -1.194859510068829955e+01 5.237858945073229933e+01 1.014717325546585016e+02 1.818277154065955870e+02 2.677057932530718745e+02 -1.560980000000000034e+00
7.000000000000000000e+01 6.603610836187999711e-01 -1.158584325941819948e+01 5.096941833099000263e+01 9.865186150542790244e+01 1.769577345187954904e+02 2.604647097197654944e+02 -1.560980000000000034e+00
7.100000000000000000e+01 6.693556569991999661e-01 -1.123849908776969997e+01 4.961387401602669911e+01 9.594993018173479982e+01 1.722822143133201109e+02 2.535143243582892865e+02 -1.560980000000000034e+00
7.200000000000000000e+01 6.783502303795000410e-01 -1.090588822757550069e+01 4.830901175840850215e+01 9.335939892594569756e+01 1.677907755920095099e+02 2.468390853857544869e+02 -1.560980000000000034e+00
7.300000000000000000e+01 6.873448037598000049e-01 -1.058736054075679967e+01 4.705210461342490191e+01 9.087417052022429687e+01 1.634737335789698989e+02 2.404244736300261138e+02 -1.560980000000000034e+00
7.400000000000000000e+01 6.963393771400999688e-01 -1.028229010052119996e+01 4.584062446593539875e+01 8.848855532397860202e+01 1.593220425131428044e+02 2.342569214471336920e+02 -1.560980000000000034e+00
7.500000000000000000e+01 7.053339505204999638e-01 -9.990075043937400423e+00 4.467222485906970064e+01 8.619723954415130152e+01 1.553272452626669917e+02 2.283237389406043860e+02 -1.560980000000000034e+00
7.600000000000000000e+01 7.143285239008000387e-01 -9.710137295340899755e+00 4.354472545860510024e+01 8.399525632776929740e+01 1.514814275261713021e+02 2.226130467405168076e+02 -1.560980000000000034e+00
7.700000000000000000e+01 7.233230972811000026e-01 -9.441922181115399937e+00 4.245609792397289795e+01 8.187795938761830428e+01 1.477771761302763878e+02 2.171137146881854108e+02 -1.560980000000000034e+00
7.800000000000000000e+01 7.323176706613999665e-01 -9.184897968899100817e+00 4.140445312520469656e+01 7.984099890573500602e+01 1.442075409955895964e+02 2.118153058356124063e+02 -1.560980000000000034e+00
7.900000000000000000e+01 7.413122440417999615e-01 -8.938555336239600635e+00 4.038802949730669667e+01 7.788029949717980571e+01 1.407660004474639948e+02 2.067080252575181873e+02 -1.560980000000000034e+00
8.000000000000000000e+01 7.503068174221000364e-01 -8.702406785374199316e+00 3.940518247040120059e+01 7.599204003530390139e+01 1.374464295113700985e+02 2.017826731955300943e+02 -1.560980000000000034e+00
8.100000000000000000e+01 7.593013908024000003e-01 -8.475986026696299191e+00 3.845437485980500014e+01 7.417263514799010693e+01 1.342430709027763953e+02 1.970306021306573996e+02 -1.560980000000000034e+00
8.200000000000000000e+01 7.682959641826999642e-01 -8.258847319487399474e+00 3.753416810833540040e+01 7.241871825017669551e+01 1.311505085126231904e+02 1.924436774138727912e+02 -1.560980000000000034e+00
8.300000000000000000e+01 7.772905375630999592e-01 -8.050564806687699360e+00 3.664321431632819781e+01 7.072712594892610127e+01 1.281636430531594897e+02 1.880142411241108960e+02 -1.560980000000000034e+00
8.400000000000000000e+01 7.862851109434000341e-01 -7.850731826530400248e+00 3.578024897642539770e+01 6.909488371351929459e+01 1.252776697523612057e+02 1.837350788417587921e+02 -1.560980000000000034e+00
8.500000000000000000e+01 7.952796843236999980e-01 -7.658960222443299770e+00 3.494408437075509966e+01 6.751919268027370435e+01 1.224880578603194010e+02 1.795993890997640108e+02 -1.560980000000000034e+00
8.600000000000000000e+01 8.042742577039999619e-01 -7.474879650732500380e+00 3.413360352472650305e+01 6.599741750561319975e+01 1.197905318166397990e+02 1.756007552450791991e+02 -1.560980000000000034e+00
8.700000000000000000e+01 8.132688310843999568e-01 -7.298136894071300063e+00 3.334775470766349770e+01 6.452707516292240086e+01 1.171810538999283011e+02 1.717331195084342141e+02 -1.560980000000000034e+00
8.800000000000000000e+01 8.222634044647000318e-01 -7.128395178108600128e+00 3.258554642379959887e+01 6.310582461575079805e+01 1.146558082876359066e+02 1.679907590868589011e+02 -1.560980000000000034e+00
8.900000000000000000e+01 8.312579778449999957e-01 -6.965333501137799921e+00 3.184604282096439931e+01 6.173145727447870001e+01 1.122111863282299993e+02 1.643682640592689950e+02 -1.560980000000000034e+00
9.000000000000000000e+01 8.402525512252999595e-01 -6.808645976167899683e+00 3.112835952127990069e+01 6.040188818612310229e+01 1.098437729686317965e+02 1.608605169829656063e+02 -1.560980000000000034e+00
9.100000000000000000e+01 8.492471246056999545e-01 -6.658041189048299557e+00 3.043165980007919913e+01 5.911514788241380103e+01 1.075503342179877961e+02 1.574626740160146880e+02 -1.560980000000000034e+00
9.200000000000000000e+01 8.582416979860000295e-01 -6.513241568117900115e+00 2.975515110335519964e+01 5.786937484561379819e+01 1.053278055596760936e+02 1.541701474502121130e+02 -1.560980000000000034e+00
9.300000000000000000e+01 8.672362713662999933e-01 -6.373982776484700352e+00 2.909808186379959949e+01 5.666280852564749893e+01 1.031732812298536999e+02 1.509785895291302893e+02 -1.560980000000000034e+00
9.400000000000000000e+01 8.762308447465999572e-01 -6.240013123640100190e+00 2.845973859515299864e+01 5.549378287129130172e+01 1.010840042795203999e+02 1.478838774464284995e+02 -1.560980000000000034e+00
9.500000000000000000e+01 8.852254181269999522e-01 -6.111092988723999753e+00 2.783944323023079903e+01 5.436072034023099775e+01 9.905735739118520655e+01 1.448820994215163012e+02 -1.560980000000000034e+00
9.600000000000000000e+01 8.942199915073000271e-01 -5.986994269836199756e+00 2.723655068979730132e+01 5.326212633504240301e+01 9.709085433661969944e+01 1.419695417749063040e+02 -1.560980000000000034e+00
9.700000000000000000e+01 9.032145648875999910e-01 -5.867499854047100172e+00 2.665044665855250017e+01 5.219658403866900187e+01 9.518213204592490229e+01 1.391426769196806958e+02 -1.560980000000000034e+00
9.800000000000000000e+01 9.122091382679999860e-01 -5.752403099814499932e+00 2.608054554397480018e+01 5.116274962282790284e+01 9.332894326619499736e+01 1.363981521881437970e+02 -1.560980000000000034e+00
9.900000000000000000e+01 9.212037116482999499e-01 -5.641507345840500065e+00 2.552628861286349959e+01 5.015934778838069974e+01 9.152914970463530153e+01 1.337327794393949887e+02 -1.560980000000000034e+00
1.000000000000000000e+02 9.301982850286000248e-01 -5.534625439296699589e+00 2.498714228523670045e+01 4.918516761879590149e+01 8.978071566120969749e+01 1.311435253794394100e+02 -1.560980000000000034e+00
1.010000000000000000e+02 9.391928584088999887e-01 -5.431579279364499691e+00 2.446259655495889973e+01 4.823905872528270322e+01 8.808170209420309504e+01 1.286275025396296883e+02 -1.560980000000000034e+00
1.020000000000000000e+02 9.481874317892999837e-01 -5.332199381102899594e+00 2.395216354957389981e+01 4.731992765148640245e+01 8.643026110355910419e+01 1.261819608654829068e+02 -1.560980000000000034e+00
1.030000000000000000e+02 9.571820051695999476e-01 -5.236324460041199558e+00 2.345537621139499862e+01 4.642673452637050246e+01 8.482463076210430586e+01 1.238042798628294037e+02 -1.560980000000000034e+00
1.040000000000000000e+02 9.661765785499000225e-01 -5.143801033985999638e+00 2.297178707098030159e+01 4.555848994124440310e+01 8.326313030206080157e+01 1.214919612726134943e+02 -1.560980000000000034e+00
1.050000000000000000e+02 9.751711519301999864e-01 -5.054483040032300423e+00 2.250096712772279872e+01 4.471425203782720104e+01 8.174415562911450195e+01 1.192426222167190986e+02 -1.560980000000000034e+00
1.060000000000000000e+02 9.841657253105999814e-01 -4.968231471522799758e+00 2.204250481022570085e+01 4.389312378913910351e+01 8.026617510377710119e+01 1.170539887964911969e+02 -1.560980000000000034e+00
1.070000000000000000e+02 9.931602986908999453e-01 -4.884914030654799788e+00 2.159600502374900088e+01 4.309425045656350051e+01 7.882772562335159705e+01 1.149238900987011931e+02 -1.560980000000000034e+00
1.080000000000000000e+02 1.002154872071199909e+00 -4.804404797515299919e+00 2.116108826272060028e+01 4.231681721640509863e+01 7.742740892175329748e+01 1.128502525869728004e+02 -1.560980000000000034e+00
1.090000000000000000e+02 1.011149445451499984e+00 -4.726583911584699926e+00 2.073738978636589891e+01 4.156004693886679746e+01 7.606388813976330709e+01 1.108310948469500943e+02 -1.560980000000000034e+00
1.100000000000000000e+02 1.020144018831899979e+00 -4.651337273499500213e+00 2.032455886915819931e+01 4.082319810584979791e+01 7.473588457873920277e+01 1.088645226626259017e+02 -1.560980000000000034e+00
1.110000000000000000e+02 1.029138592212200054e+00 -4.578556257312399680e+00 1.992225808877919846e+01 4.010556286616549926e+01 7.344217466600879618e+01 1.069487243963122012e+02 -1.560980000000000034e+00
1.120000000000000000e+02 1.038133165592499907e+00 -4.508137436451200131e+00 1.953016267018499974e+01 3.940646520916840245e+01 7.218158711626530533e+01 1.050819666534823966e+02 -1.560980000000000034e+00
1.130000000000000000e+02 1.047127738972799982e+00 -4.439982324720499918e+00 1.914795987472610150e+01 3.872525925281689752e+01 7.095300024695430352e+01 1.032625902161031064e+02 -1.560980000000000034e+00
1.140000000000000000e+02 1.056122312353199977e+00 -4.373997128861700112e+00 1.877534842801680171e+01 3.806132764119030298e+01 6.975533947031469495e+01 1.014890062151628030e+02 -1.560980000000000034e+00
1.150000000000000000e+02 1.065116885733500052e+00 -4.310092512361699768e+00 1.841203798879709908e+01 3.741408003342530009e+01 6.858757492747440665e+01 9.975969254083300086e+01 -1.560980000000000034e+00
1.160000000000000000e+02 1.074111459113799905e+00 -4.248183374449800098e+00 1.805774865153620112e+01 3.678295169057020075e+01 6.744871925707880678e+01 9.807319046164190013e+01 -1.560980000000000034e+00
1.170000000000000000e+02 1.083106032494099980e+00 -4.188188635738899990e+00 1.771221047498760015e+01 3.616740214419819921e+01 6.633782550409439693e+01 9.642810144369420300e+01 -1.560980000000000034e+00
1.180000000000000000e+02 1.092100605874499974e+00 -4.130031036189199867e+00 1.737516304377929899e+01 3.556691394729840283e+01 6.525398514684839313e+01 9.482308415504080301e+01 -1.560980000000000034e+00
1.190000000000000000e+02 1.101095179254800049e+00 -4.073636944232299939e+00 1.704635505779119953e+01 3.498099149480869841e+01 6.419632623085099965e+01 9.325685164883020661e+01 -1.560980000000000034e+00
1.200000000000000000e+02 1.110089752635099902e+00 -4.018936174999599764e+00 1.672554394288300017e+01 3.440915991712220290e+01 6.316401161370139761e+01 9.172816870348880514e+01 -1.560980000000000034e+00
1.210000000000000000e+02 1.119084326015399977e+00 -3.965861815285499858e+00 1.641249548008740078e+01 3.385096403955319744e+01 6.215623731130479968e+01 9.023584931342459470e+01 -1.560980000000000034e+00
1.220000000000000000e+02 1.128078899395799972e+00 -3.914350062096299876e+00 1.610698346597569852e+01 3.330596739417279650e+01 6.117223092716650257e+01 8.877875432971539738e+01 -1.560980000000000034e+00
1.230000000000000000e+02 1.137073472776100047e+00 -3.864340065180400074e+00 1.580878937846540033e+01 3.277375129918060281e+01 6.021125017680500235e+01 8.735578922224580367e+01 -1.560980000000000034e+00
1.240000000000000000e+02 1.146068046156399900e+00 -3.815773779066700122e+00 1.551770207478029917e+01 3.225391398130970089e+01 5.927258148771579727e+01 8.596590197905919695e+01 -1.560980000000000034e+00
1.250000000000000000e+02 1.155062619536699975e+00 -3.768595823976800041e+00 1.523351749030140034e+01 3.174606975330840086e+01 5.835553867765529645e+01 8.460808110821530192e+01 -1.560980000000000034e+00
1.260000000000000000e+02 1.164057192917099970e+00 -3.722753351224299845e+00 1.495603836268110065e+01 3.124984823570540016e+01 5.745946170481960280e+01 8.328135375957799624e+01 -1.560980000000000034e+00
1.270000000000000000e+02 1.173051766297400045e+00 -3.678195917852399965e+00 1.468507396887989991e+01 3.076489362146769935e+01 5.658371547984459937e+01 8.198478394481149678e+01 -1.560980000000000034e+00
1.280000000000000000e+02 1.182046339677699898e+00 -3.634875365996999896e+00 1.442043986981300030e+01 3.029086398443870110e+01 5.572768874777130321e+01 8.071747085168270530e+01 -1.560980000000000034e+00
1.290000000000000000e+02 1.191040913057999973e+00 -3.592745710329400044e+00 1.416195767100099978e+01 2.982743061956690056e+01 5.489079302099400337e+01 7.947854725028750522e+01 -1.560980000000000034e+00
1.300000000000000000e+02 1.200035486438399968e+00 -3.551763029109999970e+00 1.390945479984690003e+01 2.937427742554229937e+01 5.407246157160020061e+01 7.826717798735190001e+01 -1.560980000000000034e+00
1.310000000000000000e+02 1.209030059818700042e+00 -3.511885362479099992e+00 1.366276427658140058e+01 2.893110031781739977e+01 5.327214847819470123e+01 7.708255855003810098e+01 -1.560980000000000034e+00
1.320000000000000000e+02 1.218024633198999895e+00 -3.473072615856000134e+00 1.342172451670039912e+01 2.849760667266779990e+01 5.248932771243819673e+01 7.592391371602410288e+01 -1.560980000000000034e+00
1.330000000000000000e+02 1.227019206579299970e+00 -3.435286466370699898e+00 1.318617912581449936e+01 2.807351480244370023e+01 5.172349228530190146e+01 7.479049626527340422e+01 -1.560980000000000034e+00
1.340000000000000000e+02 1.236013779959699965e+00 -3.398490277612300048e+00 1.295597671169220000e+01 2.765855345901550066e+01 5.097415342215479939e+01 7.368158576266070270e+01 -1.560980000000000034e+00
1.350000000000000000e+02 1.245008353340000040e+00 -3.362649016383500111e+00 1.273097070323809987e+01 2.725246136002720121e+01 5.024083978739629686e+01 7.259648740083019902e+01 -1.560980000000000034e+00
1.360000000000000000e+02 1.254002926720299893e+00 -3.327729172721599848e+00 1.251101917697210020e+01 2.685498674506520089e+01 4.952309674905500003e+01 7.153453090224330424e+01 -1.560980000000000034e+00
1.370000000000000000e+02 1.262997500100599968e+00 -3.293698687475500098e+00 1.229598468281150048e+01 2.646588695086159859e+01 4.882048566974879833e+01 7.049506947355689590e+01 -1.560980000000000034e+00
1.380000000000000000e+02 1.271992073480999963e+00 -3.260526880702100172e+00 1.208573409794420073e+01 2.608492800953850121e+01 4.813258324496769802e+01 6.947747881948549775e+01 -1.560980000000000034e+00
1.390000000000000000e+02 1.280986646861300038e+00 -3.228184385071700024e+00 1.188013846035599919e+01 2.571188426879490052e+01 4.745898086129489712e+01 6.848115619654120678e+01 -1.560980000000000034e+00
1.400000000000000000e+02 1.289981220241599891e+00 -3.196643082115000034e+00 1.167907283037470023e+01 2.534653803080849954e+01 4.679928399412229822e+01 6.750551951813899620e+01 -1.560980000000000034e+00
1.410000000000000000e+02 1.298975793622000108e+00 -3.165876042283000125e+00 1.148241614557879942e+01 2.498867920700979894e+01 4.615311163091170243e+01 6.655000650383590255e+01 -1.560980000000000034e+00
1.420000000000000000e+02 1.307970367002299961e+00 -3.135857468005700088e+00 1.129005108754559927e+01 2.463810499463869874e+01 4.552009572100759982e+01 6.561407386768850358e+01 -1.560980000000000034e+00
1.430000000000000000e+02 1.316964940382600036e+00 -3.106562638908399787e+00 1.110186394952729927e+01 2.429461956597959826e+01 4.489988064984230220e+01 6.469719654607310133e+01 -1.560980000000000034e+00
1.440000000000000000e+02 1.325959513762900110e+00 -3.077967860699899916e+00 1.091774451350210029e+01 2.395803377570370074e+01 4.429212274900240232e+01 6.379886696182590100e+01 -1.560980000000000034e+00
1.450000000000000000e+02 1.334954087143300105e+00 -3.050050416608899972e+00 1.073758592780530030e+01 2.362816487964569845e+01 4.369648980670280025e+01 6.291859432552669773e+01 -1.560980000000000034e+00
1.460000000000000000e+02 1.343948660523599958e+00 -3.022788521816099916e+00 1.056128459600710023e+01 2.330483626875329861e+01 4.311266062301179858e+01 6.205590396798940134e+01 -1.560980000000000034e+00
1.470000000000000000e+02 1.352943233903900033e+00 -2.996161277737200201e+00 1.038874006126659921e+01 2.298787721878330004e+01 4.254032457600700212e+01 6.121033670137769889e+01 -1.560980000000000034e+00
1.480000000000000000e+02 1.361937807284200108e+00 -2.970148630993600047e+00 1.021985489802879954e+01 2.267712264831740043e+01 4.197918120696559896e+01 6.038144821472999979e+01 -1.560980000000000034e+00
1.490000000000000000e+02 1.370932380664600103e+00 -2.944731336126099830e+00 1.005453461948959948e+01 2.237241288784860060e+01 4.142893982006560094e+01 5.956880849571619763e+01 -1.560980000000000034e+00
1.500000000000000000e+02 1.379926954044899956e+00 -2.919890914291200179e+00 9.892687565030499286e+00 2.207359346553460000e+01 4.088931911636880301e+01 5.877200127493730264e+01 -1.560980000000000034e+00
1.510000000000000000e+02 1.388921527425200031e+00 -2.895609620820600139e+00 9.734224814818000837e+00 2.178051489609390146e+01 4.036004682342839800e+01 5.799062350100400209e+01 -1.560980000000000034e+00
1.520000000000000000e+02 1.397916100805500106e+00 -2.871870409553099801e+00 9.579060092682000871e+00 2.149303248550139855e+01 3.984085935516250032e+01 5.722428483550550027e+01 -1.560980000000000034e+00
1.530000000000000000e+02 1.406910674185900101e+00 -2.848656901363200156e+00 9.427109682162900128e+00 2.121100614068879864e+01 3.933150148266970092e+01 5.647260717338320291e+01 -1.560980000000000034e+00
1.540000000000000000e+02 1.415905247566199954e+00 -2.825953354019900221e+00 9.278292336567499632e+00 2.093430019071719883e+01 3.883172601874709784e+01 5.573522418011980051e+01 -1.560980000000000034e+00
1.550000000000000000e+02 1.424899820946500029e+00 -2.803744632211199850e+00 9.132529202023299320e+00 2.066278321551239827e+01 3.834129351591379731e+01 5.501178085548689722e+01 -1.560980000000000034e+00
1.560000000000000000e+02 1.433894394326800104e+00 -2.782016180503700031e+00 8.989743733870399822e+00 2.039632788165220134e+01 3.785997198060670144e+01 5.430193311048350324e+01 -1.560980000000000034e+00
1.570000000000000000e+02 1.442888967707200099e+00 -2.760753998220600192e+00 8.849861624262899795e+00 2.013481078636770150e+01 3.738753659369550064e+01 5.360534736657140087e+01 -1.560980000000000034e+00
1.580000000000000000e+02 1.451883541087499951e+00 -2.739944613377299998e+00 8.712810727600299288e+00 1.987811230858079981e+01 3.692376944752859913e+01 5.292170017093150136e+01 -1.560980000000000034e+00
1.590000000000000000e+02 1.460878114467800026e+00 -2.719575059167799846e+00 8.578520987899599604e+00 1.962611646725580172e+01 3.646845929676800324e+01 5.225067782728640253e+01 -1.560980000000000034e+00
1.600000000000000000e+02 1.469872687848100101e+00 -2.699632851489199847e+00 8.446924372988300789e+00 1.937871078486140064e+01 3.602140131168089709e+01 5.159197604482360333e+01 -1.560980000000000034e+00
1.610000000000000000e+02 1.478867261228500096e+00 -2.680105967964499847e+00 8.317954807405300244e+00 1.913578615847229969e+01 3.558239684896349786e+01 5.094529959849440104e+01 -1.560980000000000034e+00
1.620000000000000000e+02 1.487861834608799949e+00 -2.660982828914800091e+00 8.191548112273700610e+00 1.889723673328460052e+01 3.515125322489129900e+01 5.031036200816959791e+01 -1.560980000000000034e+00
1.630000000000000000e+02 1.496856407989100024e+00 -2.642252274414000013e+00 8.067641938798500334e+00 1.866295978730180138e+01 3.472778350992030028e+01 4.968688522681579656e+01 -1.560980000000000034e+00
1.640000000000000000e+02 1.505850981369400099e+00 -2.623903550036100096e+00 7.946175712434100369e+00 1.843285561524700000e+01 3.431180631602259723e+01 4.907459934346900354e+01 -1.560980000000000034e+00
1.650000000000000000e+02 1.514845554749800094e+00 -2.605926286606599973e+00 7.827090576561600344e+00 1.820682742110799879e+01 3.390314560737230209e+01 4.847324229996490175e+01 -1.560980000000000034e+00
1.660000000000000000e+02 1.523840128130099947e+00 -2.588310485454400123e+00 7.710329335988899579e+00 1.798478121394269991e+01 3.350163050630789741e+01 4.788255961517999992e+01 -1.560980000000000034e+00
1.670000000000000000e+02 1.532834701510400022e+00 -2.571046500787300015e+00 7.595836404863299585e+00 1.776662570848399980e+01 3.310709511821070095e+01 4.730230412651930294e+01 -1.560980000000000034e+00
1.680000000000000000e+02 1.541829274890700097e+00 -2.554125026632100059e+00 7.483557755351499807e+00 1.755227222999180015e+01 3.271937835565250197e+01 4.673223573489899962e+01 -1.560980000000000034e+00
1.690000000000000000e+02 1.550823848271100092e+00 -2.537537080263700062e+00 7.373440867394699616e+00 1.734163462339530071e+01 3.233832377359259880e+01 4.617212116518250298e+01 -1.560980000000000034e+00
1.700000000000000000e+02 1.559818421651399944e+00 -2.521273990675199972e+00 7.265434683520700432e+00 1.713462916424409954e+01 3.196377940704940102e+01 4.562173373580539959e+01 -1.560980000000000034e+00
1.710000000000000000e+02 1.568812995031700019e+00 -2.505327384985499783e+00 7.159489560775200268e+00 1.693117447652230112e+01 3.159559762024939999e+01 4.508085313317530307e+01 -1.560980000000000034e+00
1.720000000000000000e+02 1.577807568412000094e+00 -2.489689173795300192e+00 7.055557225256600340e+00 1.673119145300960042e+01 3.123363496203749889e+01 4.454926520034820214e+01 -1.560980000000000034e+00
1.730000000000000000e+02 1.586802141792400089e+00 -2.474351544224400179e+00 6.953590734989900213e+00 1.653460317499390086e+01 3.087775201564609873e+01 4.402676173142379668e+01 -1.560980000000000034e+00
1.740000000000000000e+02 1.595796715172699942e+00 -2.459306942964599951e+00 6.853544428104900277e+00 1.634133484252879853e+01 3.052781327461340055e+01 4.351314027192189826e+01 -1.560980000000000034e+00
1.750000000000000000e+02 1.604791288553000017e+00 -2.444548070184600075e+00 6.755373896163700209e+00 1.615131370024930035e+01 3.018368700241959957e+01 4.300820393317599866e+01 -1.560980000000000034e+00
1.760000000000000000e+02 1.613785861933300092e+00 -2.430067867196400222e+00 6.659035933850200095e+00 1.596446897010899946e+01 2.984524511052270057e+01 4.251176120620939969e+01 -1.560980000000000034e+00
1.770000000000000000e+02 1.622780435313700087e+00 -2.415859506075700214e+00 6.564488508103200282e+00 1.578073178819730060e+01 2.951236304072740069e+01 4.202362578816700278e+01 -1.560980000000000034e+00
1.780000000000000000e+02 1.631775008693999940e+00 -2.401916383076499795e+00 6.471690721877600083e+00 1.560003513746150006e+01 2.918491964134960170e+01 4.154361641401119698e+01 -1.560980000000000034e+00
1.790000000000000000e+02 1.640769582074300015e+00 -2.388232105728099963e+00 6.380602774435700120e+00 1.542231379309949979e+01 2.886279706582989846e+01 4.107155669162209932e+01 -1.560980000000000034e+00
1.800000000000000000e+02 1.649764155454700010e+00 -2.374800488576399804e+00 6.291185934245199896e+00 1.524750425907039997e+01 2.854588065461539870e+01 4.060727494859759901e+01 -1.560980000000000034e+00
1.810000000000000000e+02 1.658758728835000085e+00 -2.361615541980500055e+00 6.203402503657599709e+00 1.507554471607910074e+01 2.823405883927589954e+01 4.015060408101930278e+01 -1.560980000000000034e+00
1.820000000000000000e+02 1.667753302215299938e+00 -2.348671466009999875e+00 6.117215785398499861e+00 1.490637496661650019e+01 2.792722304021170032e+01 3.970138140646619718e+01 -1.560980000000000034e+00
1.830000000000000000e+02 1.676747875595600012e+00 -2.335962642895999863e+00 6.032590055206400237e+00 1.473993638351550040e+01 2.762526756925149840e+01 3.925944852777899996e+01 -1.560980000000000034e+00
1.840000000000000000e+02 1.685742448976000007e+00 -2.323483628832700099e+00 5.949490531490700285e+00 1.457617186082370075e+01 2.732808954149000158e+01 3.882465119637370066e+01 -1.560980000000000034e+00
1.850000000000000000e+02 1.694737022356300082e+00 -2.311229149020399998e+00 5.867883346847100334e+00 1.441502576537829938e+01 2.703558878257549836e+01 3.839683918385450312e+01 -1.560980000000000034e+00
1.860000000000000000e+02 1.703731595736599935e+00 -2.299194089829100118e+00 5.787735521601799604e+00 1.425644389137650059e+01 2.674766774508210077e+01 3.797586615803169963e+01 -1.560980000000000034e+00
1.870000000000000000e+02 1.712726169116900010e+00 -2.287373493447800055e+00 5.709014936108400384e+00 1.410037341641529984e+01 2.646423142391450156e+01 3.756158956018870043e+01 -1.560980000000000034e+00
1.880000000000000000e+02 1.721720742497300005e+00 -2.275762551396600220e+00 5.631690304285999815e+00 1.394676285840569996e+01 2.618518728055349953e+01 3.715387049163859956e+01 -1.560980000000000034e+00
1.890000000000000000e+02 1.730715315877600080e+00 -2.264356600308799816e+00 5.555731152206799806e+00 1.379556203424279914e+01 2.591044516238689965e+01 3.675257360081769775e+01 -1.560980000000000034e+00
1.900000000000000000e+02 1.739709889257899933e+00 -2.253151113819900075e+00 5.481107790640799671e+00 1.364672202186040018e+01 2.563991723189559835e+01 3.635756697640410096e+01 -1.560980000000000034e+00
1.910000000000000000e+02 1.748704462638200008e+00 -2.242141700459499898e+00 5.407791293826000434e+00 1.350019512023609991e+01 2.537351789321670026e+01 3.596872204174020027e+01 -1.560980000000000034e+00
1.920000000000000000e+02 1.757699036018600003e+00 -2.231324096651599920e+00 5.335753476467700374e+00 1.335593481404679927e+01 2.511116372550290166e+01 3.558591345662129868e+01 -1.560980000000000034e+00
1.930000000000000000e+02 1.766693609398900078e+00 -2.220694163420500189e+00 5.264966872378000318e+00 1.321389573724520083e+01 2.485277341415229913e+01 3.520901901846060156e+01 -1.560980000000000034e+00
1.940000000000000000e+02 1.775688182779199931e+00 -2.210247880184899927e+00 5.195404712361200161e+00 1.307403364011850044e+01 2.459826768996240176e+01 3.483791957025520247e+01 -1.560980000000000034e+00
1.950000000000000000e+02 1.784682756159500006e+00 -2.199981342381499783e+00 5.127040905496699885e+00 1.293630535504789947e+01 2.434756926458549842e+01 3.447249890989329657e+01 -1.560980000000000034e+00
1.960000000000000000e+02 1.793677329539900001e+00 -2.189890756002700112e+00 5.059850018951300044e+00 1.280066876591789971e+01 2.410060277384430094e+01 3.411264370273109847e+01 -1.560980000000000034e+00
1.970000000000000000e+02 1.802671902920200075e+00 -2.179972434153500060e+00 4.993807258579500363e+00 1.266708277632340085e+01 2.385729471742520147e+01 3.375824339864470147e+01 -1.560980000000000034e+00
1.980000000000000000e+02 1.811666476300499928e+00 -2.170222792703500048e+00 4.928888449873399580e+00 1.253550728104310075e+01 2.361757340619600143e+01 3.340919014902490147e+01 -1.560980000000000034e+00
1.990000000000000000e+02 1.820661049680800003e+00 -2.160638347638100143e+00 4.865070023522699572e+00 1.240590313645270015e+01 2.338136890621209929e+01 3.306537873022809748e+01 -1.560980000000000034e+00
2.000000000000000000e+02 1.829655623061199998e+00 -2.151215710477599963e+00 4.802328992397200125e+00 1.227823213391089929e+01 2.314861298865649886e+01 3.272670646541799755e+01 -1.560980000000000034e+00
2.010000000000000000e+02 1.838650196441500073e+00 -2.141951585943600023e+00 4.740642941027400248e+00 1.215245697195070029e+01 2.291923907952849859e+01 3.239307315412320065e+01 -1.560980000000000034e+00
2.020000000000000000e+02 1.847644769821799926e+00 -2.132842767830600117e+00 4.679990004836300344e+00 1.202854123148170018e+01 2.269318221150259873e+01 3.206438099897270178e+01 -1.560980000000000034e+00
2.030000000000000000e+02 1.856639343202100001e+00 -2.123886135940399988e+00 4.620348856708000440e+00 1.190644935069390087e+01 2.247037897770429993e+01 3.174053453847220041e+01 -1.560980000000000034e+00
2.040000000000000000e+02 1.865633916582499996e+00 -2.115078654731400221e+00 4.561698691964699570e+00 1.178614660044400075e+01 2.225076748478679889e+01 3.142144057991449912e+01 -1.560980000000000034e+00
2.050000000000000000e+02 1.874628489962800071e+00 -2.106417368131099810e+00 4.504019212253999704e+00 1.166759906122559975e+01 2.203428731175040056e+01 3.110700813657659936e+01 -1.560980000000000034e+00
2.060000000000000000e+02 1.883623063343099924e+00 -2.097899398505899793e+00 4.447290612603399751e+00 1.155077360116379914e+01 2.182087946784579913e+01 3.079714836427660174e+01 -1.560980000000000034e+00
2.070000000000000000e+02 1.892617636723399999e+00 -2.089521943326300146e+00 4.391493567351299809e+00 1.143563785342769989e+01 2.161048634924620160e+01 3.049177450299260173e+01 -1.560980000000000034e+00
2.080000000000000000e+02 1.901612210103799994e+00 -2.081282272474399786e+00 4.336609216979500303e+00 1.132216019588249978e+01 2.140305170356500142e+01 3.019080181763559878e+01 -1.560980000000000034e+00
2.090000000000000000e+02 1.910606783484100069e+00 -2.073177726802200027e+00 4.282619153915899979e+00 1.121030973040419987e+01 2.119852058857160060e+01 2.989414754216020143e+01 -1.560980000000000034e+00
2.100000000000000000e+02 1.919601356864399921e+00 -2.065205714883100008e+00 4.229505412322599689e+00 1.110005626252299926e+01 2.099683933655479962e+01 2.960173082617000162e+01 -1.560980000000000034e+00
2.110000000000000000e+02 1.928595930244699996e+00 -2.057363710578500093e+00 4.177250453179300216e+00 1.099137028407730021e+01 2.079795552045250062e+01 2.931347268050360100e+01 -1.560980000000000034e+00
2.120000000000000000e+02 1.937590503625099991e+00 -2.049649251557899898e+00 4.125837155200500206e+00 1.088422295303369935e+01 2.060181791758040148e+01 2.902929592888759913e+01 -1.560980000000000034e+00
2.130000000000000000e+02 1.946585077005400066e+00 -2.042059937732799924e+00 4.075248802021300243e+00 1.077858607577750050e+01 2.040837647509809827e+01 2.874912515611270081e+01 -1.560980000000000034e+00
2.140000000000000000e+02 1.955579650385699919e+00 -2.034593427687700018e+00 4.025469071498499751e+00 1.067443209061340070e+01 2.021758228096350152e+01 2.847288666232270060e+01 -1.560980000000000034e+00
2.150000000000000000e+02 1.964574223765999994e+00 -2.027247438022900194e+00 3.976482023871899862e+00 1.057173405044269998e+01 2.002938753102310088e+01 2.820050841496859917e+01 -1.560980000000000034e+00
2.160000000000000000e+02 1.973568797146399989e+00 -2.020019741431000160e+00 3.928272094624400079e+00 1.047046560656010072e+01 1.984374549828010004e+01 2.793192000577289846e+01 -1.560980000000000034e+00
2.170000000000000000e+02 1.982563370526700064e+00 -2.012908163932099814e+00 3.880824079311099961e+00 1.037060099329350038e+01 1.966061050573129876e+01 2.766705260562029878e+01 -1.560980000000000034e+00
2.180000000000000000e+02 1.991557943906999917e+00 -2.005910584762299997e+00 3.834123128797500168e+00 1.027211501144889993e+01 1.947993789493780170e+01 2.740583892395920174e+01 -1.560980000000000034e+00
2.190000000000000000e+02 2.000552517287399912e+00 -1.999024932555500067e+00 3.788154737903899782e+00 1.017498301546340045e+01 1.930168400210780177e+01 2.714821316788410144e+01 -1.560980000000000034e+00
2.200000000000000000e+02 2.009547090667699987e+00 -1.992249186620000057e+00 3.742904734094400165e+00 1.007918089701960085e+01 1.912580612861140139e+01 2.689411100100380025e+01 -1.560980000000000034e+00
2.210000000000000000e+02 2.018541664048000062e+00 -1.985581372740399919e+00 3.698359272287400135e+00 9.984685072765499214e+00 1.895226251703689968e+01 2.664346950727199825e+01 -1.560980000000000034e+00
2.220000000000000000e+02 2.027536237428300137e+00 -1.979019563457500075e+00 3.654504823781699940e+00 9.891472469808700652e+00 1.878101232539449938e+01 2.639622715255820040e+01 -1.560980000000000034e+00
2.230000000000000000e+02 2.036530810808700132e+00 -1.972561875249200014e+00 3.611328168702600205e+00 9.799520513221800400e+00 1.861201560385419995e+01 2.615232374937669846e+01 -1.560980000000000034e+00
2.240000000000000000e+02 2.045525384189000206e+00 -1.966206468864899914e+00 3.568816386614400038e+00 9.708807112741499878e+00 1.844523326997209978e+01 2.591170042034390164e+01 -1.560980000000000034e+00
2.250000000000000000e+02 2.054519957569299837e+00 -1.959951546549099977e+00 3.526956852254299779e+00 9.619310650894400183e+00 1.828062708692599969e+01 2.567429956753710130e+01 -1.560980000000000034e+00
2.260000000000000000e+02 2.063514530949599912e+00 -1.953795351236299993e+00 3.485737222679500036e+00 9.531009971048000295e+00 1.811815964198540030e+01 2.544006483582860056e+01 -1.560980000000000034e+00
2.270000000000000000e+02 2.072509104329999907e+00 -1.947736165842000045e+00 3.445145434358599879e+00 9.443884365341199683e+00 1.795779432386699881e+01 2.520894108404619871e+01 -1.560980000000000034e+00
2.280000000000000000e+02 2.081503677710299982e+00 -1.941772311465900014e+00 3.405169693151400168e+00 9.357913564309800591e+00 1.779949530292309845e+01 2.498087435174319992e+01 -1.560980000000000034e+00
2.290000000000000000e+02 2.090498251090600057e+00 -1.935902145826899901e+00 3.365798468296699930e+00 9.273077724831900071e+00 1.764322751139480161e+01 2.475581183097200011e+01 -1.560980000000000034e+00
2.300000000000000000e+02 2.099492824470900132e+00 -1.930124063718900107e+00 3.327020486494999929e+00 9.189357420668999410e+00 1.748895662300060039e+01 2.453370183610260113e+01 -1.560980000000000034e+00
2.310000000000000000e+02 2.108487397851300127e+00 -1.924436494525900043e+00 3.288824723454800036e+00 9.106733630680000857e+00 1.733664903392870116e+01 2.431449377589240157e+01 -1.560980000000000034e+00
2.320000000000000000e+02 2.117481971231600202e+00 -1.918837901890100062e+00 3.251200398848700157e+00 9.025187730309500722e+00 1.718627184607460023e+01 2.409813812578140002e+01 -1.560980000000000034e+00
2.330000000000000000e+02 2.126476544611899833e+00 -1.913326782658800074e+00 3.214136969780000186e+00 8.944701481064500470e+00 1.703779284789800030e+01 2.388458640132740030e+01 -1.560980000000000034e+00
2.340000000000000000e+02 2.135471117992199908e+00 -1.907901664974499978e+00 3.177624124520800120e+00 8.865257021430000606e+00 1.689118049802739918e+01 2.367379113281329950e+01 -1.560980000000000034e+00
2.350000000000000000e+02 2.144465691372599903e+00 -1.902561109106299941e+00 3.141651777222500108e+00 8.786836856938899487e+00 1.674640390697139836e+01 2.346570583933389997e+01 -1.560980000000000034e+00
2.360000000000000000e+02 2.153460264752899977e+00 -1.897303705381299999e+00 3.106210061488599905e+00 8.709423852265100408e+00 1.660343282284500077e+01 2.326028500468229865e+01 -1.560980000000000034e+00
2.370000000000000000e+02 2.162454838133200052e+00 -1.892128073208400041e+00 3.071289324932899856e+00 8.633001222132699937e+00 1.646223761462130142e+01 2.305748405337550011e+01 -1.560980000000000034e+00
2.380000000000000000e+02 2.171449411513500127e+00 -1.887032861594200028e+00 3.036880124453099850e+00 8.557552522075599910e+00 1.632278925627129951e+01 2.285725932819159922e+01 -1.560980000000000034e+00
2.390000000000000000e+02 2.180443984893900122e+00 -1.882016745705400007e+00 3.002973219774200064e+00 8.483061642050600426e+00 1.618505931389379882e+01 2.265956806710289939e+01 -1.560980000000000034e+00
2.400000000000000000e+02 2.189438558274200197e+00 -1.877078429687000005e+00 2.969559571045599977e+00 8.409512796573000770e+00 1.604901992781930176e+01 2.246436838223660004e+01 -1.560980000000000034e+00
2.410000000000000000e+02 2.198433131654499828e+00 -1.872216642363000005e+00 2.936630329513899795e+00 8.336890518222800139e+00 1.591464380249949961e+01 2.227161923769959984e+01 -1.560980000000000034e+00
2.420000000000000000e+02 2.207427705034799903e+00 -1.867430139404699929e+00 2.904176837213800155e+00 8.265179649621000380e+00 1.578190419016240043e+01 2.208128042973740079e+01 -1.560980000000000034e+00
2.430000000000000000e+02 2.216422278415199898e+00 -1.862717700737599902e+00 2.872190620130799843e+00 8.194365336004199918e+00 1.565077487788449950e+01 2.189331256722480035e+01 -1.560980000000000034e+00
2.440000000000000000e+02 2.225416851795499973e+00 -1.858078130296300090e+00 2.840663382900399991e+00 8.124433018459999545e+00 1.552123017639699931e+01 2.170767705066430153e+01 -1.560980000000000034e+00
2.450000000000000000e+02 2.234411425175800048e+00 -1.853510255966799969e+00 2.809587005921799996e+00 8.055368426961599937e+00 1.539324490551300073e+01 2.152433605444889864e+01 -1.560980000000000034e+00
2.460000000000000000e+02 2.243405998556100123e+00 -1.849012928915400034e+00 2.778953541096900182e+00 7.987157572868899713e+00 1.526679438307069958e+01 2.134325250880939961e+01 -1.560980000000000034e+00
2.470000000000000000e+02 2.252400571936500118e+00 -1.844585021563899918e+00 2.748755206697099940e+00 7.919786743705199861e+00 1.514185441295220080e+01 2.116439008059870019e+01 -1.560980000000000034e+00
2.480000000000000000e+02 2.261395145316800193e+00 -1.840225429044199945e+00 2.718984383492800028e+00 7.853242495526799871e+00 1.501840127332869912e+01 2.098771315703750062e+01 -1.560980000000000034e+00
2.490000000000000000e+02 2.270389718697099823e+00 -1.835933067271900088e+00 2.689633611578500005e+00 7.787511647362300060e+00 1.489641170603830034e+01 2.081318682853829927e+01 -1.560980000000000034e+00
2.500000000000000000e+02 2.279384292077399898e+00 -1.831706872795100027e+00 2.660695585419199816e+00 7.722581275139700274e+00 1.477586290528219948e+01 2.064077687161249841e+01 -1.560980000000000034e+00
2.510000000000000000e+02 2.288378865457799893e+00 -1.827545802029199917e+00 2.632163151865099859e+00 7.658438705276299885e+00 1.465673250617640022e+01 2.047044973428230108e+01 -1.560980000000000034e+00
2.520000000000000000e+02 2.297373438838099968e+00 -1.823448831275999993e+00 2.604029304334099848e+00 7.595071509761900153e+00 1.453899857728860034e+01 2.030217251880819873e+01 -1.560980000000000034e+00
2.530000000000000000e+02 2.306368012218400043e+00 -1.819414955815600088e+00 2.576287181017899997e+00 7.532467499916299936e+00 1.442263960653050070e+01 2.013591296767360106e+01 -1.560980000000000034e+00
2.540000000000000000e+02 2.315362585598700118e+00 -1.815443189382099920e+00 2.548930060523900032e+00 7.470614721257399893e+00 1.430763449576030055e+01 1.997163944842040095e+01 -1.560980000000000034e+00
2.550000000000000000e+02 2.324357158979100113e+00 -1.811532563737600077e+00 2.521951358882100092e+00 7.409501448215999986e+00 1.419396254794100010e+01 1.980932093932479887e+01 -1.560980000000000034e+00
2.560000000000000000e+02 2.333351732359400188e+00 -1.807682128392499976e+00 2.495344626242899988e+00 7.349116178887300066e+00 1.408160345952330061e+01 1.964892701536350117e+01 -1.560980000000000034e+00
2.570000000000000000e+02 2.342346305739699819e+00 -1.803890950248500102e+00 2.469103543773300213e+00 7.289447629790199557e+00 1.397053731134089993e+01 1.949042783486899921e+01 -1.560980000000000034e+00
2.580000000000000000e+02 2.351340879120099814e+00 -1.800158112634199892e+00 2.443221920792999935e+00 7.230484731345599769e+00 1.386074455920659965e+01 1.933379412616309878e+01 -1.560980000000000034e+00
2.590000000000000000e+02 2.360335452500399889e+00 -1.796482715428699972e+00 2.417693691321200156e+00 7.172216622995399860e+00 1.375220602647219970e+01 1.917899717439290086e+01 -1.560980000000000034e+00
2.600000000000000000e+02 2.369330025880699964e+00 -1.792863874428300086e+00 2.392512911156900124e+00 7.114632648695599748e+00 1.364490289503300069e+01 1.902600880903619895e+01 -1.560980000000000034e+00
2.610000000000000000e+02 2.378324599261000039e+00 -1.789300721430300056e+00 2.367673755502799793e+00 7.057722351779199599e+00 1.353881669711650026e+01 1.887480139201030127e+01 -1.560980000000000034e+00
2.620000000000000000e+02 2.387319172641400034e+00 -1.785792402183800087e+00 2.343170516075999910e+00 7.001475471543799678e+00 1.343392930847890021e+01 1.872534780556879852e+01 -1.560980000000000034e+00
2.630000000000000000e+02 2.396313746021700108e+00 -1.782338078616999999e+00 2.318997597685199974e+00 6.945881938104800035e+00 1.333022293958559956e+01 1.857762144015689998e+01 -1.560980000000000034e+00
2.640000000000000000e+02 2.405308319402000183e+00 -1.778936926522699968e+00 2.295149516912600163e+00 6.890931868420800299e+00 1.322768012835640050e+01 1.843159618403970157e+01 -1.560980000000000034e+00
2.650000000000000000e+02 2.414302892782299814e+00 -1.775588136095699987e+00 2.271620899096300050e+00 6.836615562408399960e+00 1.312628373411619975e+01 1.828724641204210144e+01 -1.560980000000000034e+00
2.660000000000000000e+02 2.423297466162699809e+00 -1.772290911107399891e+00 2.248406474590499915e+00 6.782923499003800316e+00 1.302601692858510063e+01 1.814454697361820124e+01 -1.560980000000000034e+00
2.670000000000000000e+02 2.432292039542999884e+00 -1.769044468537199988e+00 2.225501078439299896e+00 6.729846332050700042e+00 1.292686319126450023e+01 1.800347318443370170e+01 -1.560980000000000034e+00
2.680000000000000000e+02 2.441286612923299959e+00 -1.765848039609499986e+00 2.202899646071399875e+00 6.677374886121500097e+00 1.282880630025839963e+01 1.786400081443520094e+01 -1.560980000000000034e+00
2.690000000000000000e+02 2.450281186303600034e+00 -1.762700867126500093e+00 2.180597212736900214e+00 6.625500154048100221e+00 1.273183032803530068e+01 1.772610607856830001e+01 -1.560980000000000034e+00
2.700000000000000000e+02 2.459275759684000029e+00 -1.759602207232300097e+00 2.158588909888000007e+00 6.574213292190799862e+00 1.263591963378219951e+01 1.758976562732640048e+01 -1.560980000000000034e+00
2.710000000000000000e+02 2.468270333064300104e+00 -1.756551328267899947e+00 2.136869963715799958e+00 6.523505617346200047e+00 1.254105885732069936e+01 1.745495653692150029e+01 -1.560980000000000034e+00
2.720000000000000000e+02 2.477264906444600179e+00 -1.753547510308399948e+00 2.115435692855399896e+00 6.473368603085799755e+00 1.244723291314990021e+01 1.732165630031769865e+01 -1.560980000000000034e+00
2.730000000000000000e+02 2.486259479824899810e+00 -1.750590045817999929e+00 2.094281506288500072e+00 6.423793877059900126e+00 1.235442698509059944e+01 1.718984281770519829e+01 -1.560980000000000034e+00
2.740000000000000000e+02 2.495254053205299805e+00 -1.747678237895599951e+00 2.073402901709100021e+00 6.374773216894600303e+00 1.226262651962250061e+01 1.705949438883029856e+01 -1.560980000000000034e+00
2.750000000000000000e+02 2.504248626585599879e+00 -1.744811401467700085e+00 2.052795462492900125e+00 6.326298547468000244e+00 1.217181722103429919e+01 1.693058970325810009e+01 -1.560980000000000034e+00
2.760000000000000000e+02 2.513243199965899954e+00 -1.741988862789100034e+00 2.032454857285499905e+00 6.278361937875500232e+00 1.208198504555289965e+01 1.680310783291119847e+01 -1.560980000000000034e+00
2.770000000000000000e+02 2.522237773346200029e+00 -1.739209957963000042e+00 2.012376836208499942e+00 6.230955598684899677e+00 1.199311619679230034e+01 1.667702822290599940e+01 -1.560980000000000034e+00
2.780000000000000000e+02 2.531232346726600024e+00 -1.736474033933699923e+00 1.992557231647200000e+00 6.184071877582399956e+00 1.190519711865460017e+01 1.655233068568729848e+01 -1.560980000000000034e+00
2.790000000000000000e+02 2.540226920106900099e+00 -1.733780449023700099e+00 1.972991953812500032e+00 6.137703258242999560e+00 1.181821449248310074e+01 1.642899539050539914e+01 -1.560980000000000034e+00
2.800000000000000000e+02 2.549221493487200174e+00 -1.731128569658799909e+00 1.953676990911300093e+00 6.091842356878999887e+00 1.173215523125499971e+01 1.630700285827409957e+01 -1.560980000000000034e+00
2.810000000000000000e+02 2.558216066867499805e+00 -1.728517774037299892e+00 1.934608406531399982e+00 6.046481918549000412e+00 1.164700647396430000e+01 1.618633395304350131e+01 -1.560980000000000034e+00
2.820000000000000000e+02 2.567210640247899800e+00 -1.725947449084000107e+00 1.915782337413499903e+00 6.001614816259600360e+00 1.156275558245140012e+01 1.606696987446499847e+01 -1.560980000000000034e+00
2.830000000000000000e+02 2.576205213628199875e+00 -1.723416991470299919e+00 1.897194993904600002e+00 5.957234046569800157e+00 1.147939013505950001e+01 1.594889215210950084e+01 -1.560980000000000034e+00
2.840000000000000000e+02 2.585199787008499950e+00 -1.720925807009300090e+00 1.878842656782800047e+00 5.913332728412299844e+00 1.139689792399119916e+01 1.583208263779810032e+01 -1.560980000000000034e+00
2.850000000000000000e+02 2.594194360388800025e+00 -1.718473311042600038e+00 1.860721675235099903e+00 5.869904099944400322e+00 1.131526694962290058e+01 1.571652349841400031e+01 -1.560980000000000034e+00
2.860000000000000000e+02 2.603188933769200020e+00 -1.716058927585200067e+00 1.842828466875400029e+00 5.826941515917799741e+00 1.123448541673050016e+01 1.560219721036439999e+01 -1.560980000000000034e+00
2.870000000000000000e+02 2.612183507149500095e+00 -1.713682088757600086e+00 1.825159515993800108e+00 5.784438446101400011e+00 1.115454173034230045e+01 1.548908655320579975e+01 -1.560980000000000034e+00
2.880000000000000000e+02 2.621178080529800170e+00 -1.711342236374000070e+00 1.807711370845199950e+00 5.742388471784700243e+00 1.107542449137329932e+01 1.537717460252389934e+01 -1.560980000000000034e+00
2.890000000000000000e+02 2.630172653910099800e+00 -1.709038820443800066e+00 1.790480643271600059e+00 5.700785284972200273e+00 1.099712249321179947e+01 1.526644472410879949e+01 -1.560980000000000034e+00
2.900000000000000000e+02 2.639167227290499795e+00 -1.706771298284899929e+00 1.773464008090400057e+00 5.659622684627199973e+00 1.091962471716160010e+01 1.515688056935930028e+01 -1.560980000000000034e+00
2.910000000000000000e+02 2.648161800670799870e+00 -1.704539137158999962e+00 1.756658200272700032e+00 5.618894575319499651e+00 1.084292032893289992e+01 1.504846606786409957e+01 -1.560980000000000034e+00
2.920000000000000000e+02 2.657156374051099945e+00 -1.702341809770899994e+00 1.740060013943899975e+00 5.578594965919999815e+00 1.076699867591169912e+01 1.494118542215339929e+01 -1.560980000000000034e+00
2.930000000000000000e+02 2.666150947431400020e+00 -1.700178799142100017e+00 1.723666302462200095e+00 5.538717965377800034e+00 1.069184928148719926e+01 1.483502310307249950e+01 -1.560980000000000034e+00
2.940000000000000000e+02 2.675145520811800015e+00 -1.698049594455300015e+00 1.707473975784300046e+00 5.499257782858600230e+00 1.061746184344439925e+01 1.472996384349520049e+01 -1.560980000000000034e+00
2.950000000000000000e+02 2.684140094192100090e+00 -1.695953692763199960e+00 1.691479999058900008e+00 5.460208724471599773e+00 1.054382622933660052e+01 1.462599263281009954e+01 -1.560980000000000034e+00
2.960000000000000000e+02 2.693134667572400165e+00 -1.693890598495999988e+00 1.675681392779299950e+00 5.421565192045299852e+00 1.047093247419489970e+01 1.452309471289330034e+01 -1.560980000000000034e+00
2.970000000000000000e+02 2.702129240952800160e+00 -1.691859823788699924e+00 1.660075231174100052e+00 5.383321680665400066e+00 1.039877077589910037e+01 1.442125557240679967e+01 -1.560980000000000034e+00
2.980000000000000000e+02 2.711123814333099791e+00 -1.689860887029499992e+00 1.644658640255199922e+00 5.345472777245199758e+00 1.032733149321360067e+01 1.432046094190540053e+01 -1.560980000000000034e+00
2.990000000000000000e+02 2.720118387713399866e+00 -1.687893314856099947e+00 1.629428797818500030e+00 5.308013158483899652e+00 1.025660514163529946e+01 1.422069678902740009e+01 -1.560980000000000034e+00
3.000000000000000000e+02 2.729112961093699941e+00 -1.685956639371299914e+00 1.614382931577500013e+00 5.270937589385500388e+00 1.018658239140870059e+01 1.412194931410759935e+01 -1.560980000000000034e+00
3.010000000000000000e+02 2.738107534474099936e+00 -1.684050399988699986e+00 1.599518318555900098e+00 5.234240921543899638e+00 1.011725406383269998e+01 1.402420494529060058e+01 -1.560980000000000034e+00
3.020000000000000000e+02 2.747102107854400010e+00 -1.682174143619100004e+00 1.584832284323800078e+00 5.197918090591000073e+00 1.004861112772680087e+01 1.392745033431009993e+01 -1.560980000000000034e+00
3.030000000000000000e+02 2.756096681234700085e+00 -1.680327422667099890e+00 1.570322200876000052e+00 5.161964115927299979e+00 9.980644698207999710e+00 1.383167235162020070e+01 -1.560980000000000034e+00
3.040000000000000000e+02 2.765091254615000160e+00 -1.678509796038099910e+00 1.555985487239299969e+00 5.126374098459099748e+00 9.913346032689499765e+00 1.373685808288560040e+01 -1.560980000000000034e+00
3.050000000000000000e+02 2.774085827995400155e+00 -1.676720829445699890e+00 1.541819607219000021e+00 5.091143218414200255e+00 9.846706528304800088e+00 1.364299482438759981e+01 -1.560980000000000034e+00
3.060000000000000000e+02 2.783080401375699786e+00 -1.674960094711900105e+00 1.527822069327199994e+00 5.056266734880500380e+00 9.780717719185199499e+00 1.355007007887579995e+01 -1.560980000000000034e+00
3.070000000000000000e+02 2.792074974755999861e+00 -1.673227169464400088e+00 1.513990425295800080e+00 5.021739983742500080e+00 9.715371274620400399e+00 1.345807155173699954e+01 -1.560980000000000034e+00
3.080000000000000000e+02 2.801069548136299936e+00 -1.671521637856999920e+00 1.500322269464499980e+00 4.987558376083799594e+00 9.650658995340199553e+00 1.336698714691289958e+01 -1.560980000000000034e+00
3.090000000000000000e+02 2.810064121516699931e+00 -1.669843089188500107e+00 1.486815237961500058e+00 4.953717397233000419e+00 9.586572812075500494e+00 1.327680496333399951e+01 -1.560980000000000034e+00
3.100000000000000000e+02 2.819058694897000006e+00 -1.668191119547199897e+00 1.473467008024500036e+00 4.920212604896000208e+00 9.523104782106900146e+00 1.318751329134500061e+01 -1.560980000000000034e+00
3.110000000000000000e+02 2.828053268277300081e+00 -1.666565329812899954e+00 1.460275296451700067e+00 4.887039628049800299e+00 9.460247087810099487e+00 1.309910060826419986e+01 -1.560980000000000034e+00
3.120000000000000000e+02 2.837047841657600156e+00 -1.664965327558499908e+00 1.447237859553800021e+00 4.854194165362000213e+00 9.397992033530099931e+00 1.301155557566850085e+01 -1.560980000000000034e+00
3.130000000000000000e+02 2.846042415038000151e+00 -1.663390724374000040e+00 1.434352492123700085e+00 4.821671984218800056e+00 9.336332044431699728e+00 1.292486703567760031e+01 -1.560980000000000034e+00
3.140000000000000000e+02 2.855036988418299782e+00 -1.661841139137999912e+00 1.421617026446100107e+00 4.789468919180699835e+00 9.275259662631100355e+00 1.283902400697249924e+01 -1.560980000000000034e+00
3.150000000000000000e+02 2.864031561798599856e+00 -1.660316195252200089e+00 1.409029332353600061e+00 4.757580870521099570e+00 9.214767546117499819e+00 1.275401568273239938e+01 -1.560980000000000034e+00
3.160000000000000000e+02 2.873026135178899931e+00 -1.658815520694300050e+00 1.396587314835999960e+00 4.726003803790599811e+00 9.154848466962199893e+00 1.266983142570339993e+01 -1.560980000000000034e+00
3.170000000000000000e+02 2.882020708559299926e+00 -1.657338750285999973e+00 1.384288915478300019e+00 4.694733747408600166e+00 9.095495307613800762e+00 1.258646076661420032e+01 -1.560980000000000034e+00
3.180000000000000000e+02 2.891015281939600001e+00 -1.655885522399699994e+00 1.372132109892399976e+00 4.663766792965599706e+00 9.036701061169599924e+00 1.250389339985050086e+01 -1.560980000000000034e+00
3.190000000000000000e+02 2.900009855319900076e+00 -1.654455481869600009e+00 1.360114908042300064e+00 4.633099092271399932e+00 8.978458826675099758e+00 1.242211918105370039e+01 -1.560980000000000034e+00
3.200000000000000000e+02 2.909004428700200151e+00 -1.653048277661000043e+00 1.348235353428300032e+00 4.602726857949200223e+00 8.920761809695399336e+00 1.234112812398250014e+01 -1.560980000000000034e+00
3.210000000000000000e+02 2.917999002080600146e+00 -1.651663563712900018e+00 1.336491522151699973e+00 4.572646361422600059e+00 8.863603318672499398e+00 1.226091039752679990e+01 -1.560980000000000034e+00
3.220000000000000000e+02 2.926993575460900221e+00 -1.650300999059499896e+00 1.324881522459000038e+00 4.542853931803500167e+00 8.806976764104300415e+00 1.218145632273870049e+01 -1.560980000000000034e+00
3.230000000000000000e+02 2.935988148841199852e+00 -1.648960247891499975e+00 1.313403494413099892e+00 4.513345955009300248e+00 8.750875655246399987e+00 1.210275637040179930e+01 -1.560980000000000034e+00
3.240000000000000000e+02 2.944982722221499927e+00 -1.647640978418299929e+00 1.302055608134200071e+00 4.484118872968799963e+00 8.695293600585999982e+00 1.202480115766860003e+01 -1.560980000000000034e+00
3.250000000000000000e+02 2.953977295601899922e+00 -1.646342863584800087e+00 1.290836065214000072e+00 4.455169182233300162e+00 8.640224304085599272e+00 1.194758144636299946e+01 -1.560980000000000034e+00
3.260000000000000000e+02 2.962971868982199997e+00 -1.645065581676000033e+00 1.279743096189499996e+00 4.426493433027499869e+00 8.585661564039600790e+00 1.187108813937559937e+01 -1.560980000000000034e+00
3.270000000000000000e+02 2.971966442362500072e+00 -1.643808814554799991e+00 1.268774960585300038e+00 4.398088228594700055e+00 8.531599272140899970e+00 1.179531227819090056e+01 -1.560980000000000034e+00
3.280000000000000000e+02 2.980961015742800146e+00 -1.642572248643000110e+00 1.257929946987299985e+00 4.369950223855100013e+00 8.478031410702000059e+00 1.172024504116749988e+01 -1.560980000000000034e+00
3.290000000000000000e+02 2.989955589123200141e+00 -1.641355575951100043e+00 1.247206371957199966e+00 4.342076124586299990e+00 8.424952051564499556e+00 1.164587774039820012e+01 -1.560980000000000034e+00
3.300000000000000000e+02 2.998950162503500216e+00 -1.640158491625800075e+00 1.236602578861299984e+00 4.314462686668200320e+00 8.372355354528300708e+00 1.157220181890800070e+01 -1.560980000000000034e+00
3.310000000000000000e+02 3.007944735883799847e+00 -1.638980695295600087e+00 1.226116939190400101e+00 4.287106714811399932e+00 8.320235565706600056e+00 1.149920885006140026e+01 -1.560980000000000034e+00
3.320000000000000000e+02 3.016939309264099922e+00 -1.637821891292499998e+00 1.215747849651499957e+00 4.260005062411599930e+00 8.268587016474100437e+00 1.142689053252349929e+01 -1.560980000000000034e+00
3.330000000000000000e+02 3.025933882644499917e+00 -1.636681787402100019e+00 1.205493733889900110e+00 4.233154629826199944e+00 8.217404120845200666e+00 1.135523869076019920e+01 -1.560980000000000034e+00
3.340000000000000000e+02 3.034928456024799992e+00 -1.635560096391899920e+00 1.195353040127699940e+00 4.206552364034799929e+00 8.166681375338200155e+00 1.128424527058649929e+01 -1.560980000000000034e+00
3.350000000000000000e+02 3.043923029405100067e+00 -1.634456533743199991e+00 1.185324242345499934e+00 4.180195257852600044e+00 8.116413356520000733e+00 1.121390233863449915e+01 -1.560980000000000034e+00
3.360000000000000000e+02 3.052917602785400142e+00 -1.633370821093999892e+00 1.175405838486599963e+00 4.154080348600199812e+00 8.066594720119999451e+00 1.114420207918530004e+01 -1.560980000000000034e+00
3.370000000000000000e+02 3.061912176165800137e+00 -1.632302681758099894e+00 1.165596350585899943e+00 4.128204718059699907e+00 8.017220199606800435e+00 1.107513679259870010e+01 -1.560980000000000034e+00
3.380000000000000000e+02 3.070906749546100212e+00 -1.631251844235600101e+00 1.155894324612100066e+00 4.102565490976600060e+00 7.968284604712599695e+00 1.100669889302420046e+01 -1.560980000000000034e+00
3.390000000000000000e+02 3.079901322926399843e+00 -1.630218040576500105e+00 1.146298329166899999e+00 4.077159835021100243e+00 7.919782820151099578e+00 1.093888090643359945e+01 -1.560980000000000034e+00
3.400000000000000000e+02 3.088895896306799838e+00 -1.629201006920099948e+00 1.136806955958499898e+00 4.051984959392499697e+00 7.871709804377299946e+00 1.087167546897079973e+01 -1.560980000000000034e+00
3.410000000000000000e+02 3.097890469687099912e+00 -1.628200482075200073e+00 1.127418818875099982e+00 4.027038114593899820e+00 7.824060588587100185e+00 1.080507532449619923e+01 -1.560980000000000034e+00
3.420000000000000000e+02 3.106885043067399987e+00 -1.627216210376100092e+00 1.118132553314900024e+00 4.002316591140099966e+00 7.776830274656799880e+00 1.073907332303179984e+01 -1.560980000000000034e+00
3.430000000000000000e+02 3.115879616447700062e+00 -1.626247938536099946e+00 1.108946816689899917e+00 3.977817719581699940e+00 7.730014034955299707e+00 1.067366241897980039e+01 -1.560980000000000034e+00
3.440000000000000000e+02 3.124874189828100057e+00 -1.625295416370899915e+00 1.099860287253300095e+00 3.953538869171600023e+00 7.683607110254600414e+00 1.060883566926010069e+01 -1.560980000000000034e+00
3.450000000000000000e+02 3.133868763208400132e+00 -1.624358398962600036e+00 1.090871663631000077e+00 3.929477447559500014e+00 7.637604809295700292e+00 1.054458623123579919e+01 -1.560980000000000034e+00
3.460000000000000000e+02 3.142863336588700207e+00 -1.623436643352599962e+00 1.081979665245899946e+00 3.905630900051400012e+00 7.592002506975299880e+00 1.048090736143629975e+01 -1.560980000000000034e+00
3.470000000000000000e+02 3.151857909968999838e+00 -1.622529910634499917e+00 1.073183031314199898e+00 3.881996708901899851e+00 7.546795643822200361e+00 1.041779241378760013e+01 -1.560980000000000034e+00
3.480000000000000000e+02 3.160852483349399833e+00 -1.621637965833099937e+00 1.064480520288600074e+00 3.858572392830000197e+00 7.501979724652800385e+00 1.035523483733870087e+01 -1.560980000000000034e+00
3.490000000000000000e+02 3.169847056729699908e+00 -1.620760576214600013e+00 1.055870910085499936e+00 3.835355506180500029e+00 7.457550317298299980e+00 1.029322817543789981e+01 -1.560980000000000034e+00
3.500000000000000000e+02 3.178841630109999983e+00 -1.619897513491100005e+00 1.047352997443800060e+00 3.812343638522099898e+00 7.413503051853999715e+00 1.023176606373029962e+01 -1.560980000000000034e+00
1.000000000000000000e+00 3.178841630109999983e+00 -1.619901755619600037e+00 1.047352381322800063e+00 3.812343207168099823e+00 7.413502239316200004e+00 1.023176465690089998e+01 -1.560980000000000034e+00
2.000000000000000000e+00 3.319084643203099816e+00 -1.608137041564200009e+00 9.255515685705000273e-01 3.478349915331400144e+00 6.773039895889399808e+00 9.339365135540999674e+00 -1.560980000000000034e+00
3.000000000000000000e+00 3.459327656296200093e+00 -1.599054745341899952e+00 8.218566468147999737e-01 3.185728546058800070e+00 6.210074028866899631e+00 8.556973819204399589e+00 -1.560980000000000034e+00
4.000000000000000000e+00 3.599570669389299926e+00 -1.592051234186599995e+00 7.331043023748999854e-01 2.927984687539200159e+00 5.712733418279499986e+00 7.867415748177699619e+00 -1.560980000000000034e+00
5.000000000000000000e+00 3.739813682482299839e+00 -1.586651575284399929e+00 6.567620997794000326e-01 2.699840545584600182e+00 5.271321115044700356e+00 7.256717529889399998e+00 -1.560980000000000034e+00
6.000000000000000000e+00 3.880056695575400116e+00 -1.582484782083400043e+00 5.907858025828000015e-01 2.496973166962300095e+00 4.877855555201599635e+00 6.713420632754299788e+00 -1.560980000000000034e+00
7.000000000000000000e+00 4.020299708668500394e+00 -1.579262978726100108e+00 5.335130776105000416e-01 2.315815676334699980e+00 4.525720520147300086e+00 6.228059912696100042e+00 -1.560980000000000034e+00
8.000000000000000000e+00 4.160542721761600227e+00 -1.576764060006500046e+00 4.835833425395000273e-01 2.153404867628200048e+00 4.209395416943399582e+00 5.792763602245299737e+00 -1.560980000000000034e+00
9.000000000000000000e+00 4.300785734854700060e+00 -1.574817470542799969e+00 4.398765667235999821e-01 2.007263277404899959e+00 3.924245534666900070e+00 5.400943553383900309e+00 -1.560980000000000034e+00
1.000000000000000000e+01 4.441028747947799893e+00 -1.573292708005699980e+00 4.014659884257000266e-01 1.875307151891900004e+00 3.666357536351500190e+00 5.047053262039399968e+00 -1.560980000000000034e+00
1.100000000000000000e+01 4.581271761040899726e+00 -1.572090184512999977e+00 3.675811861534999947e-01 1.755774035690000012e+00 3.432409387267799872e+00 4.726397288370900007e+00 -1.560980000000000034e+00
1.200000000000000000e+01 4.721514774133999559e+00 -1.571134034859400064e+00 3.375789521042000252e-01 1.647165369562400006e+00 3.219566752044999980e+00 4.434979999720500388e+00 -1.560980000000000034e+00
1.300000000000000000e+01 4.861757787226999916e+00 -1.570366513510500051e+00 3.109201247064999896e-01 1.548200658583700040e+00 3.025399892421699821e+00 4.169384654895700315e+00 -1.560980000000000034e+00
1.400000000000000000e+01 5.002000800320099749e+00 -1.569743700931300001e+00 2.871510284991000139e-01 1.457780628747199936e+00 2.847816570363300048e+00 3.926676088461800163e+00 -1.560980000000000034e+00
1.500000000000000000e+01 5.142243813413199582e+00 -1.569232167972999914e+00 2.658885127151000005e-01 1.374957423981199911e+00 2.685007541060099978e+00 3.704321890826599795e+00 -1.560980000000000034e+00
1.600000000000000000e+01 5.282486826506300304e+00 -1.568806469121099889e+00 2.468078478068999881e-01 1.298910343440500048e+00 2.535402012754500056e+00 3.500128184330399961e+00 -1.560980000000000034e+00
1.700000000000000000e+01 5.422729839599400137e+00 -1.568447208060099962e+00 2.296328361953000052e-01 1.228925991230600090e+00 2.397631048299500023e+00 3.312186990944800069e+00 -1.560980000000000034e+00
1.800000000000000000e+01 5.562972852692499970e+00 -1.568139593202700022e+00 2.141277720779000138e-01 1.164381930111999974e+00 2.270497337970499796e+00 3.138832872862999945e+00 -1.560980000000000034e+00
1.900000000000000000e+01 5.703215865785599803e+00 -1.567872323612399921e+00 2.000908274576000123e-01 1.104733164581300109e+00 2.152950110763300007e+00 2.978607026706700189e+00 -1.560980000000000034e+00
2.000000000000000000e+01 5.843458878878699636e+00 -1.567636754263600052e+00 1.873486147861999906e-01 1.049500902017100001e+00 2.044064208086899814e+00 2.830227408799300015e+00 -1.560980000000000034e+00
2.100000000000000000e+01 5.983701891971699993e+00 -1.567426258330899991e+00 1.757516988986999873e-01 9.982631673226000091e-01 1.943022554378899924e+00 2.692563762286200202e+00 -1.560980000000000034e+00
2.200000000000000000e+01 6.123944905064799826e+00 -1.567235768569700038e+00 1.651708793176999979e-01 9.506469294945999460e-01 1.849101410009599933e+00 2.564616649094999978e+00 -1.560980000000000034e+00
2.300000000000000000e+01 6.264187918157899659e+00 -1.567061371587199936e+00 1.554941056223000106e-01 9.063214694222000434e-01 1.761657914651399981e+00 2.445499777973100031e+00 -1.560980000000000034e+00
2.400000000000000000e+01 6.404430931251000381e+00 -1.566900069561999898e+00 1.466239052382999897e-01 8.649927696454999815e-01 1.680119520980899894e+00 2.334425041385499888e+00 -1.560980000000000034e+00
2.500000000000000000e+01 6.544673944344100214e+00 -1.566749547995500036e+00 1.384752364767999899e-01 8.263987511150999721e-01 1.603975002860700050e+00 2.230689806791600116e+00 -1.560980000000000034e+00
2.600000000000000000e+01 6.684916957437200047e+00 -1.566608014501700064e+00 1.309736891749999910e-01 7.903052140548000315e-01 1.532766773434099949e+00 2.133666079689600092e+00 -1.560980000000000034e+00
2.700000000000000000e+01 6.825159970530299880e+00 -1.566474083494499903e+00 1.240539718754000015e-01 7.565023668368000553e-01 1.466084300578200050e+00 2.042791228564400097e+00 -1.560980000000000034e+00
2.800000000000000000e+01 6.965402983623399713e+00 -1.566346680463100105e+00 1.176586379861000037e-01 7.248018470222999943e-01 1.403558443967100056e+00 1.957560025359299960e+00 -1.560980000000000034e+00
2.900000000000000000e+01 7.105645996716400070e+00 -1.566224953951899979e+00 1.117370085900000060e-01 6.950341577099999890e-01 1.344856571402700096e+00 1.877517789027900008e+00 -1.560980000000000034e+00
3.000000000000000000e+01 7.245889009809499903e+00 -1.566108240859400036e+00 1.062442597820000001e-01 6.670464527807999922e-01 1.289678330492499914e+00 1.802254463539300078e+00 -1.560980000000000034e+00
3.100000000000000000e+01 7.386132022902599736e+00 -1.565996004530399999e+00 1.011406465471999944e-01 6.407006202535999728e-01 1.237751982223199931e+00 1.731399486191899983e+00 -1.560980000000000034e+00
3.200000000000000000e+01 7.526375035995699569e+00 -1.565887811278299901e+00 9.639084162350000651e-02 6.158716158845000122e-01 1.188831207969099912e+00 1.664617329707900106e+00 -1.560980000000000034e+00
3.300000000000000000e+01 7.666618049088800291e+00 -1.565783292628299961e+00 9.196337039080000608e-02 5.924460133735000023e-01 1.142692325443299906e+00 1.601603618841900056e+00 -1.560980000000000034e+00
3.400000000000000000e+01 7.806861062181900124e+00 -1.565682140681099899e+00 8.783012634900000393e-02 5.703207375427999937e-01 1.099131851596099940e+00 1.542081737384600082e+00 -1.560980000000000034e+00
3.500000000000000000e+01 7.947104075274999957e+00 -1.565584074233000056e+00 8.396595539399999419e-02 5.494019555832999613e-01 1.057964366541400025e+00 1.485799858801799989e+00 -1.560980000000000034e+00
1.000000000000000000e+00 7.947104075274999957e+00 -1.565590161862699947e+00 8.396586646289999623e-02 5.494018484578999661e-01 1.057964075629199918e+00 1.485799619758700008e+00 -1.560980000000000034e+00
2.000000000000000000e+00 1.092726810350309918e+01 -1.564003821648900061e+00 3.855202213669999683e-02 2.823280185688000210e-01 5.351596334599999505e-01 7.664807182591999446e-01 -1.560980000000000034e+00
3.000000000000000000e+00 1.390743213173120019e+01 -1.563047037573300102e+00 2.197973957180000132e-02 1.711216045486000092e-01 3.205281658574999915e-01 4.661376899490999870e-01 -1.560980000000000034e+00
4.000000000000000000e+00 1.688759615995930119e+01 -1.562151249294200017e+00 1.416798712620000004e-02 1.145993403839000030e-01 2.128257252940000122e-01 3.130426040513999975e-01 -1.560980000000000034e+00
5.000000000000000000e+00 1.986776018818740042e+01 -1.560733571004800035e+00 9.882151923299999433e-03 8.204309768650000501e-02 1.514152639282999868e-01 2.246234763861000017e-01 -1.560980000000000034e+00
1.000000000000000000e+00 1.986776018818740042e+01 -1.562094868421600058e+00 9.881463599400000172e-03 8.204167785070000385e-02 1.514107132341999951e-01 2.246205245633000058e-01 -1.560980000000000034e+00
2.000000000000000000e+00 2.412513737137039982e+01 -1.561754316134299936e+00 6.471115532600000067e-03 5.511796305290000281e-02 1.010766226109000021e-01 1.512972347961999975e-01 -1.560980000000000034e+00
3.000000000000000000e+00 2.838251455455349870e+01 -1.561546487848999964e+00 4.562956754800000236e-03 3.955441594109999903e-02 7.221287733999999514e-02 1.087927312328999946e-01 -1.560980000000000034e+00
4.000000000000000000e+00 3.263989173773649810e+01 -1.561411471245899962e+00 3.389020457800000132e-03 2.975742843390000170e-02 5.414923308550000092e-02 8.197573945260000494e-02 -1.560980000000000034e+00
5.000000000000000000e+00 3.689726892091950106e+01 -1.561319197820999927e+00 2.615906684599999827e-03 2.319477354919999984e-02 4.210200805369999910e-02 6.397833826059999562e-02 -1.560980000000000034e+00
6.000000000000000000e+00 4.115464610410249691e+01 -1.561253503411099919e+00 2.079975297099999950e-03 1.858531240729999895e-02 3.366906732270000258e-02 5.131771589700000191e-02 -1.560980000000000034e+00
7.000000000000000000e+00 4.541202328728549986e+01 -1.561205145671199945e+00 1.693291650399999897e-03 1.522455907450000027e-02 2.753726069529999904e-02 4.207480606330000344e-02 -1.560980000000000034e+00
8.000000000000000000e+00 4.966940047046860229e+01 -1.561168551501600055e+00 1.405186772899999969e-03 1.269915333889999956e-02 2.293971946159999858e-02 3.512158942719999927e-02 -1.560980000000000034e+00
9.000000000000000000e+00 5.392677765365159814e+01 -1.561140210156499952e+00 1.184798418100000078e-03 1.075360132920000038e-02 1.940427084709999903e-02 2.975976729049999853e-02 -1.560980000000000034e+00
1.000000000000000000e+01 5.818415483683460110e+01 -1.561117822751800110e+00 1.012458691800000032e-03 9.223098739400000315e-03 1.662731418640000028e-02 2.553829476839999946e-02 -1.560980000000000034e+00
1.100000000000000000e+01 6.244153202001759695e+01 -1.561099837473000074e+00 8.751534601000000250e-04 7.997480134800000542e-03 1.440644803379999977e-02 2.215530333709999841e-02 -1.560980000000000034e+00
1.200000000000000000e+01 6.669890920320059990e+01 -1.561085167787100048e+00 7.639933157000000251e-04 7.000842188000000292e-03 1.260253706680000002e-02 1.940258447419999921e-02 -1.560980000000000034e+00
1.300000000000000000e+01 7.095628638638359575e+01 -1.561073041582800025e+00 6.727390951000000296e-04 6.179508364300000112e-03 1.111738409289999945e-02 1.713276460509999960e-02 -1.560980000000000034e+00
1.400000000000000000e+01 7.521366356956670529e+01 -1.561062876412099953e+00 5.969073614000000236e-04 5.494656482800000172e-03 9.880086245100000789e-03 1.523915587880000054e-02 -1.560980000000000034e+00
1.500000000000000000e+01 7.947104075274970114e+01 -1.561054227734899991e+00 5.332092089000000376e-04 4.917643067000000354e-03 8.838410299500000858e-03 1.364298670210000071e-02 -1.560980000000000034e+00
